Traj: (2464, 1113), (2476, 1118), (2469, 1112), (2467, 1112), (2479, 1122), (2426, 1121), (2345, 1122), (2270, 1134), (2179, 1139), (2071, 1144), (2014, 1151), (1966, 1157), (1916, 1163), (1865, 1170), (1812, 1177), (1754, 1184), (1692, 1192), (1625, 1201), (1560, 1209), (1499, 1217), (1441, 1225), (1389, 1232), (1342, 1239), (1294, 1246), (1242, 1254), (1189, 1262), (1132, 1270), (1074, 1279), (1013, 1287), (949, 1296), (884, 1305), (817, 1314), (748, 1323), (677, 1333), (604, 1343), (528, 1355), (455, 1367), (386, 1378), (349, 1384), (316, 1390)
Traj: (456, 1922), (484, 1913), (513, 1905), (571, 1886), (636, 1871), (715, 1854), (806, 1834), (907, 1809), (1014, 1780), (1120, 1747), (1214, 1714), (1301, 1683), (1381, 1654), (1453, 1627), (1519, 1602), (1580, 1579), (1637, 1557), (1690, 1537), (1740, 1519), (1786, 1502), (1829, 1487), (1877, 1470), (1928, 1451), (1982, 1433), (2038, 1415), (2097, 1396), (2152, 1378), (2203, 1363), (2250, 1347), (2295, 1332), (2341, 1316), (2387, 1300), (2433, 1284), (2480, 1268), (2526, 1253), (2570, 1239), (2612, 1225), (2724, 1213), (2762, 1207), (2812, 1201)
Traj: (212, 1995), (239, 1987), (265, 1980), (315, 1965), (370, 1949), (426, 1933), (483, 1917), (546, 1900), (614, 1885), (677, 1873), (737, 1864), (798, 1853), (851, 1841), (899, 1826), (944, 1810), (991, 1793), (1033, 1777), (1077, 1761), (1126, 1744), (1182, 1723), (1243, 1700), (1310, 1675), (1382, 1649), (1454, 1624), (1526, 1599), (1597, 1574), (1666, 1550), (1733, 1527), (1797, 1506), (1860, 1485), (1919, 1466), (1975, 1449), (2027, 1433), (2075, 1418), (2122, 1403), (2169, 1389), (2216, 1375), (2262, 1361), (2310, 1345), (2354, 1328), (2396, 1312), (2438, 1296), (2479, 1281), (2519, 1267), (2561, 1255), (2602, 1242), (2643, 1229), (2685, 1215), (2728, 1202), (2768, 1188), (2809, 1175), (2848, 1161), (2887, 1148), (2926, 1134), (2967, 1119), (2981, 1104), (2976, 1091), (2973, 1082), (3004, 1070), (2985, 1068), (3015, 1069), (3043, 1068), (3075, 1066)
Traj: (905, 1906), (961, 1900), (1014, 1894), (1120, 1879), (1216, 1865), (1303, 1848), (1381, 1828), (1451, 1806), (1514, 1785), (1573, 1764), (1628, 1745), (1678, 1729), (1726, 1714), (1779, 1699), (1835, 1684), (1894, 1669), (1955, 1654), (2018, 1640), (2076, 1628), (2129, 1618), (2179, 1610), (2226, 1603), (2275, 1597), (2323, 1591), (2370, 1586), (2416, 1582), (2462, 1577), (2507, 1574), (2554, 1572), (2601, 1571), (2653, 1571), (2708, 1573), (2769, 1576), (2827, 1580), (2883, 1584), (2943, 1589), (3001, 1594), (3055, 1598), (3036, 1575), (3019, 1553), (3008, 1535), (3011, 1522), (3028, 1513), (3136, 1536), (3251, 1563), (3355, 1587), (3414, 1617), (3461, 1641), (3496, 1663), (3494, 1677), (3491, 1690), (3518, 1694), (3504, 1696), (3489, 1694), (3497, 1698)
Traj: (260, 2016), (291, 2007), (322, 1998), (382, 1980), (437, 1963), (488, 1946), (535, 1930), (594, 1913), (666, 1898), (754, 1884), (854, 1869), (965, 1853), (1071, 1834), (1171, 1812), (1263, 1787), (1351, 1761), (1435, 1735), (1514, 1712), (1590, 1691), (1663, 1671), (1734, 1654), (1803, 1639), (1871, 1625), (1938, 1612), (2004, 1602), (2071, 1592), (2138, 1584), (2206, 1577), (2275, 1572), (2345, 1568), (2418, 1565), (2492, 1563), (2568, 1564), (2647, 1567), (2730, 1572), (2817, 1580), (2907, 1591), (3002, 1603), (3102, 1616), (3200, 1630), (3291, 1645), (3373, 1656), (3450, 1666), (3495, 1675), (3541, 1686), (3595, 1696), (3653, 1709), (3673, 1724), (3712, 1732), (3742, 1736), (3760, 1738), (3747, 1733), (3762, 1728), (3773, 1728)
Traj: (584, 1014), (611, 1021), (637, 1026), (686, 1036), (734, 1047), (784, 1058), (829, 1067), (874, 1077), (918, 1087), (964, 1095), (1010, 1106), (1058, 1117), (1107, 1126), (1158, 1135), (1208, 1145), (1256, 1152), (1305, 1158), (1351, 1166), (1395, 1173), (1439, 1179), (1484, 1186), (1525, 1191), (1568, 1197), (1611, 1202), (1656, 1207), (1702, 1211), (1749, 1215), (1796, 1218), (1845, 1221), (1895, 1223), (1946, 1225), (1998, 1227), (2052, 1228), (2106, 1229), (2162, 1229), (2218, 1230), (2272, 1229), (2324, 1229), (2375, 1229), (2422, 1227), (2470, 1225), (2518, 1222), (2566, 1217), (2616, 1210), (2666, 1202), (2713, 1193), (2758, 1182), (2803, 1170), (2845, 1158), (2887, 1145), (2929, 1133), (2916, 1134), (2913, 1136), (2859, 1152), (2805, 1168), (2752, 1185), (2754, 1187), (2747, 1188), (2791, 1175), (2833, 1161), (2875, 1147), (2914, 1132), (2953, 1118), (2992, 1105), (3032, 1092), (3072, 1078), (3132, 1058), (3157, 1050), (3186, 1040)
Traj: (217, 2027), (247, 2016), (277, 2007), (337, 1987), (395, 1968), (452, 1951), (507, 1934), (607, 1906), (723, 1871), (852, 1831), (996, 1786), (1151, 1737), (1269, 1696), (1377, 1659), (1476, 1624), (1567, 1590), (1649, 1559), (1725, 1531), (1795, 1504), (1859, 1481), (1919, 1460), (1974, 1442), (2026, 1426), (2074, 1410), (2120, 1395), (2169, 1380), (2223, 1363), (2278, 1344), (2337, 1324), (2396, 1304), (2450, 1286), (2499, 1269), (2546, 1254), (2590, 1239), (2634, 1225), (2677, 1210), (2720, 1196), (2762, 1182), (2804, 1167), (2845, 1155), (2885, 1144), (2925, 1133), (2964, 1122), (3009, 1109), (2992, 1094), (2957, 1087), (2946, 1081), (2914, 1076)
Traj: (369, 1955), (403, 1946), (434, 1937), (500, 1919), (573, 1898), (661, 1875), (760, 1847), (872, 1815), (993, 1780), (1106, 1743), (1210, 1707), (1307, 1673), (1395, 1641), (1477, 1611), (1552, 1583), (1622, 1558), (1686, 1534), (1746, 1512), (1801, 1493), (1852, 1474), (1901, 1457), (1947, 1441), (1997, 1424), (2051, 1406), (2109, 1388), (2170, 1368), (2232, 1348), (2288, 1330), (2339, 1313), (2388, 1297), (2439, 1280), (2487, 1265), (2536, 1249), (2585, 1234), (2632, 1219), (2673, 1206), (2716, 1193), (2757, 1181), (2760, 1160), (2768, 1142), (2748, 1127), (2735, 1116), (2697, 1105), (2704, 1106), (2691, 1107), (2704, 1108)
Traj: (163, 2005), (203, 1996), (241, 1987), (279, 1980), (310, 1971), (339, 1961), (364, 1952), (384, 1943), (436, 1926), (489, 1908), (540, 1893), (599, 1877), (669, 1863), (747, 1847), (832, 1828), (920, 1808), (1005, 1784), (1082, 1757), (1156, 1731), (1226, 1705), (1289, 1681), (1349, 1659), (1407, 1637), (1461, 1617), (1512, 1597), (1561, 1579), (1608, 1561), (1653, 1545), (1696, 1529), (1737, 1514), (1783, 1498), (1834, 1480), (1889, 1460), (1948, 1440), (2008, 1419), (2063, 1401), (2113, 1385), (2161, 1371), (2206, 1356), (2250, 1342), (2294, 1327), (2339, 1312), (2383, 1297), (2427, 1283), (2471, 1270), (2514, 1255), (2557, 1242), (2599, 1229), (2641, 1215), (2683, 1200), (2725, 1186), (2765, 1173), (2807, 1159), (2848, 1145), (2888, 1132), (2930, 1120), (2972, 1108), (3014, 1097), (3055, 1085), (3069, 1083), (3084, 1079), (3090, 1077), (3088, 1078)
Traj: (753, 1071), (775, 1078), (795, 1084), (837, 1095), (878, 1106), (920, 1117), (962, 1127), (1009, 1137), (1055, 1147), (1101, 1157), (1147, 1167), (1194, 1177), (1242, 1187), (1294, 1199), (1352, 1211), (1417, 1225), (1478, 1239), (1537, 1251), (1592, 1263), (1642, 1274), (1688, 1284), (1737, 1295), (1789, 1307), (1844, 1320), (1902, 1334), (1965, 1349), (2032, 1365), (2103, 1382), (2180, 1400), (2262, 1420), (2351, 1441), (2446, 1463), (2548, 1487), (2659, 1513), (2778, 1541), (2908, 1570), (3050, 1602), (3192, 1636), (3329, 1667), (3457, 1696), (3528, 1704), (3575, 1708), (3611, 1709), (3637, 1711), (3657, 1712), (3689, 1718), (3726, 1717), (3752, 1721), (3758, 1725), (3754, 1719), (3770, 1724)
Traj: (277, 2007), (310, 1996), (343, 1985), (408, 1964), (469, 1944), (530, 1925), (602, 1907), (683, 1890), (775, 1869), (878, 1844), (989, 1816), (1092, 1782), (1190, 1748), (1281, 1714), (1365, 1682), (1443, 1652), (1515, 1625), (1583, 1599), (1645, 1575), (1703, 1553), (1758, 1533), (1810, 1514), (1857, 1497), (1902, 1481), (1951, 1463), (2002, 1444), (2054, 1425), (2107, 1407), (2161, 1388), (2210, 1372), (2256, 1357), (2301, 1342), (2346, 1327), (2391, 1311), (2433, 1296), (2474, 1281), (2515, 1267), (2555, 1253), (2596, 1239), (2638, 1225), (2679, 1211), (2721, 1198), (2763, 1185), (2804, 1172), (2847, 1159), (2889, 1144), (2931, 1130), (2973, 1116), (3013, 1102), (3054, 1090), (3130, 1065), (3161, 1056), (3187, 1048), (3218, 1038)
Traj: (574, 1898), (575, 1900), (585, 1899), (580, 1908), (629, 1895), (676, 1886), (724, 1878), (770, 1872), (816, 1868), (862, 1864), (970, 1875), (1084, 1886), (1198, 1896), (1310, 1904), (1421, 1913), (1470, 1904), (1512, 1896), (1554, 1886), (1595, 1874), (1635, 1858), (1674, 1842), (1713, 1824), (1751, 1807), (1790, 1789), (1829, 1774), (1869, 1757), (1908, 1741), (1948, 1724), (1988, 1708), (2028, 1692), (2068, 1677), (2109, 1663), (2151, 1649), (2194, 1637), (2237, 1626), (2282, 1615), (2329, 1606), (2377, 1597), (2426, 1590), (2476, 1583), (2528, 1578), (2581, 1573), (2636, 1568), (2694, 1565), (2753, 1563), (2816, 1562), (2880, 1564), (2946, 1567), (3015, 1572), (3087, 1579), (3163, 1588), (3243, 1598), (3320, 1609), (3392, 1621), (3456, 1631), (3512, 1639), (3560, 1647), (3605, 1654), (3650, 1663), (3698, 1673), (3722, 1678), (3747, 1685)
Traj: (208, 2000), (241, 1987), (274, 1975), (338, 1952), (398, 1930), (453, 1909), (514, 1889), (573, 1871), (690, 1847), (808, 1823), (935, 1795), (1053, 1768), (1172, 1741), (1230, 1720), (1291, 1698), (1347, 1678), (1405, 1657), (1463, 1635), (1522, 1613), (1580, 1591), (1633, 1572), (1684, 1555), (1732, 1539), (1781, 1525), (1826, 1512), (1872, 1500), (1919, 1490), (1968, 1481), (2018, 1472), (2069, 1465), (2123, 1459), (2182, 1454), (2244, 1451), (2304, 1450), (2363, 1449), (2417, 1451), (2467, 1454), (2513, 1458), (2562, 1463), (2614, 1468), (2669, 1475), (2725, 1482), (2784, 1490), (2844, 1498), (2908, 1507), (2974, 1516), (3044, 1528), (3118, 1543), (3193, 1561), (3262, 1578), (3327, 1591), (3395, 1600), (3457, 1605), (3486, 1606), (3518, 1603)
Traj: (558, 1010), (579, 1016), (601, 1022), (643, 1033), (685, 1045), (727, 1057), (768, 1069), (808, 1081), (848, 1093), (890, 1103), (933, 1112), (977, 1121), (1023, 1130), (1070, 1139), (1118, 1148), (1168, 1159), (1219, 1170), (1270, 1181), (1322, 1193), (1376, 1205), (1432, 1218), (1494, 1232), (1554, 1247), (1612, 1261), (1666, 1274), (1716, 1287), (1762, 1299), (1812, 1311), (1864, 1325), (1920, 1339), (1980, 1354), (2044, 1370), (2113, 1387), (2188, 1405), (2268, 1425), (2355, 1446), (2439, 1466), (2557, 1491), (2681, 1518), (2811, 1546), (2952, 1575), (3106, 1610), (3228, 1639), (3343, 1665), (3448, 1688), (3541, 1708), (3583, 1716), (3624, 1722)
Traj: (337, 1984), (375, 1973), (412, 1961), (485, 1939), (568, 1918), (662, 1897), (766, 1875), (884, 1849), (1011, 1817), (1136, 1781), (1255, 1741), (1365, 1700), (1465, 1661), (1557, 1625), (1641, 1592), (1718, 1562), (1789, 1535), (1854, 1510), (1914, 1487), (1971, 1466), (2023, 1447), (2073, 1430), (2119, 1413), (2162, 1398), (2210, 1381), (2261, 1364), (2315, 1345), (2371, 1325), (2429, 1305), (2481, 1287), (2529, 1270), (2574, 1255), (2619, 1239), (2664, 1224), (2709, 1209), (2754, 1194), (2798, 1179), (2840, 1165), (2881, 1151), (2922, 1137), (2962, 1123), (3003, 1110), (3042, 1096), (3082, 1084), (3072, 1077), (3088, 1071), (3090, 1068), (3080, 1067)
Traj: (309, 1987), (344, 1976), (378, 1964), (444, 1942), (517, 1922), (599, 1903), (687, 1884), (784, 1862), (888, 1837), (990, 1809), (1084, 1777), (1173, 1746), (1253, 1716), (1327, 1688), (1396, 1662), (1460, 1638), (1520, 1616), (1576, 1595), (1628, 1575), (1677, 1557), (1723, 1539), (1767, 1523), (1815, 1505), (1865, 1487), (1916, 1469), (1966, 1451), (2020, 1432), (2071, 1415), (2120, 1398), (2168, 1382), (2214, 1365), (2257, 1349), (2298, 1333), (2338, 1318), (2378, 1303), (2421, 1290), (2464, 1278), (2505, 1267), (2547, 1256), (2588, 1246), (2628, 1236), (2669, 1226), (2710, 1215), (2751, 1202), (2792, 1189), (2833, 1174), (2873, 1159), (2913, 1144), (2953, 1130), (2992, 1114), (3032, 1099), (3071, 1083), (3092, 1075), (3107, 1068), (3119, 1064)
Traj: (302, 1980), (344, 1965), (384, 1950), (463, 1922), (540, 1897), (612, 1873), (729, 1864), (851, 1855), (979, 1844), (1114, 1831), (1256, 1815), (1354, 1787), (1448, 1758), (1539, 1733), (1624, 1710), (1705, 1689), (1784, 1671), (1860, 1655), (1934, 1640), (2006, 1627), (2078, 1616), (2148, 1606), (2218, 1598), (2287, 1592), (2357, 1586), (2427, 1582), (2499, 1579), (2571, 1578), (2645, 1578), (2720, 1580), (2797, 1585), (2876, 1590), (2957, 1597), (3040, 1605), (3125, 1613), (3212, 1623), (3294, 1634), (3368, 1645), (3446, 1654), (3482, 1659), (3513, 1664)
Traj: (681, 1040), (711, 1055), (737, 1065), (810, 1090), (842, 1108), (883, 1117), (926, 1126), (970, 1135), (1018, 1145), (1070, 1156), (1125, 1168), (1181, 1180), (1237, 1191), (1294, 1204), (1351, 1217), (1411, 1229), (1469, 1242), (1524, 1253), (1575, 1264), (1623, 1275), (1665, 1284), (1710, 1294), (1757, 1304), (1807, 1316), (1860, 1328), (1916, 1342), (1975, 1357), (2039, 1372), (2106, 1388), (2178, 1405), (2256, 1422), (2339, 1441), (2428, 1461), (2525, 1483), (2631, 1507), (2747, 1534), (2875, 1562), (3017, 1594), (3161, 1628), (3300, 1658), (3431, 1685), (3549, 1709), (3604, 1721), (3654, 1728)
Traj: (218, 1998), (253, 1987), (287, 1976), (353, 1955), (417, 1934), (477, 1914), (532, 1896), (586, 1880), (650, 1866), (726, 1849), (812, 1828), (909, 1804), (1012, 1774), (1109, 1742), (1197, 1711), (1279, 1681), (1354, 1654), (1423, 1629), (1485, 1606), (1544, 1585), (1598, 1564), (1648, 1546), (1695, 1528), (1740, 1512), (1788, 1494), (1841, 1476), (1896, 1457), (1954, 1437), (2015, 1416), (2070, 1398), (2120, 1382), (2169, 1366), (2217, 1351), (2263, 1336), (2309, 1321), (2354, 1307), (2396, 1292), (2436, 1279), (2476, 1265), (2516, 1252), (2556, 1238), (2597, 1225), (2639, 1212), (2680, 1199), (2720, 1187), (2760, 1176), (2801, 1166), (2840, 1154), (2880, 1141), (2919, 1128), (2959, 1115), (3000, 1103), (3020, 1097), (3041, 1092)
Traj: (1018, 1085), (1046, 1091), (1071, 1097), (1115, 1107), (1176, 1119), (1221, 1129), (1267, 1139), (1315, 1148), (1362, 1157), (1410, 1167), (1459, 1176), (1511, 1185), (1564, 1194), (1623, 1203), (1689, 1211), (1759, 1218), (1827, 1224), (1890, 1229), (1947, 1233), (1999, 1236), (2043, 1238), (2087, 1239), (2131, 1240), (2175, 1241), (2217, 1242), (2265, 1242), (2318, 1241), (2374, 1239), (2431, 1236), (2488, 1231), (2540, 1225), (2588, 1218), (2635, 1209), (2680, 1200), (2724, 1190), (2767, 1178), (2809, 1165), (2848, 1152), (2888, 1139), (2927, 1126), (2967, 1112), (2980, 1107), (2993, 1104), (3005, 1101), (3018, 1097), (3031, 1094), (3049, 1090), (3063, 1085), (3074, 1081)
Traj: (189, 2015), (213, 2006), (236, 1999), (268, 1990), (324, 1971), (385, 1953), (439, 1936), (494, 1918), (552, 1900), (608, 1883), (660, 1870), (712, 1860), (765, 1852), (817, 1844), (873, 1834), (935, 1820), (1000, 1800), (1068, 1777), (1135, 1752), (1195, 1729), (1249, 1709), (1298, 1691), (1342, 1675), (1384, 1660), (1425, 1645), (1465, 1632), (1504, 1617), (1543, 1603), (1581, 1589), (1620, 1574), (1663, 1557), (1706, 1542), (1750, 1526), (1795, 1508), (1842, 1490), (1890, 1472), (1941, 1454), (1996, 1434), (2053, 1416), (2110, 1398), (2168, 1380), (2225, 1362), (2280, 1344), (2333, 1327), (2383, 1311), (2430, 1294), (2474, 1280), (2520, 1265), (2566, 1250), (2612, 1235), (2660, 1220), (2708, 1204), (2755, 1188), (2800, 1173), (2844, 1158), (2887, 1142), (2929, 1127), (2983, 1110), (3037, 1092), (3064, 1083), (3095, 1073)
Traj: (576, 1009), (596, 1014), (616, 1019), (655, 1030), (697, 1038), (741, 1047), (786, 1056), (831, 1066), (877, 1076), (922, 1087), (966, 1099), (1009, 1110), (1055, 1120), (1102, 1131), (1154, 1143), (1208, 1152), (1262, 1163), (1317, 1175), (1372, 1187), (1429, 1200), (1490, 1214), (1557, 1229), (1621, 1244), (1682, 1259), (1740, 1273), (1793, 1286), (1841, 1299), (1891, 1311), (1945, 1324), (2002, 1338), (2062, 1353), (2126, 1368), (2195, 1385), (2268, 1402), (2347, 1420), (2431, 1439), (2521, 1460), (2619, 1482), (2724, 1507), (2838, 1533), (2962, 1562), (3090, 1593), (3213, 1621), (3327, 1646), (3430, 1667), (3520, 1684), (3562, 1690), (3602, 1696)
Traj: (326, 1946), (365, 1935), (416, 1926), (518, 1903), (631, 1877), (757, 1846), (888, 1812), (1011, 1772), (1124, 1733), (1226, 1696), (1319, 1662), (1404, 1631), (1482, 1603), (1554, 1577), (1621, 1552), (1684, 1530), (1744, 1509), (1801, 1489), (1855, 1471), (1907, 1454), (1957, 1438), (2005, 1423), (2050, 1408), (2093, 1394), (2134, 1381), (2180, 1367), (2231, 1351), (2285, 1334), (2343, 1316), (2403, 1297), (2459, 1279), (2510, 1263), (2558, 1249), (2606, 1234), (2654, 1219), (2701, 1205), (2747, 1191), (2793, 1177), (2837, 1163), (2880, 1149), (2922, 1135), (2964, 1121), (3006, 1107), (3051, 1090), (3119, 1068), (3187, 1044), (3222, 1033), (3267, 1017)
Traj: (115, 2053), (137, 2045), (159, 2037), (203, 2021), (246, 2006), (288, 1994), (329, 1981), (372, 1968), (414, 1956), (458, 1943), (504, 1928), (565, 1912), (633, 1897), (707, 1879), (785, 1860), (868, 1840), (943, 1819), (1016, 1794), (1087, 1770), (1158, 1746), (1227, 1721), (1294, 1697), (1359, 1674), (1423, 1651), (1486, 1629), (1546, 1608), (1604, 1587), (1661, 1567), (1716, 1549), (1770, 1531), (1821, 1513), (1871, 1497), (1918, 1481), (1964, 1465), (2008, 1450), (2050, 1436), (2098, 1421), (2151, 1404), (2207, 1387), (2265, 1367), (2326, 1347), (2382, 1328), (2434, 1310), (2482, 1294), (2526, 1278), (2571, 1263), (2616, 1246), (2661, 1231), (2705, 1215), (2750, 1200), (2792, 1185), (2833, 1171), (2874, 1156), (2915, 1142), (2935, 1135), (2956, 1128)
Traj: (247, 1999), (275, 1990), (303, 1981), (357, 1962), (413, 1945), (465, 1928), (513, 1912), (557, 1898), (610, 1884), (669, 1870), (738, 1852), (815, 1831), (901, 1806), (983, 1779), (1062, 1750), (1137, 1723), (1206, 1698), (1270, 1675), (1328, 1654), (1381, 1634), (1432, 1617), (1479, 1599), (1524, 1583), (1568, 1567), (1610, 1552), (1652, 1536), (1692, 1522), (1739, 1506), (1793, 1488), (1852, 1467), (1916, 1446), (1985, 1423), (2050, 1402), (2111, 1382), (2167, 1365), (2219, 1348), (2267, 1333), (2313, 1318), (2359, 1303), (2403, 1288), (2445, 1275), (2488, 1262), (2529, 1250), (2568, 1237), (2608, 1225), (2648, 1213), (2689, 1200), (2729, 1187), (2770, 1175), (2810, 1163), (2851, 1152), (2892, 1141), (2932, 1128), (2971, 1115), (3011, 1102), (3031, 1095), (3049, 1087)
Traj: (254, 2038), (281, 2029), (308, 2015), (368, 1991), (429, 1966), (489, 1940), (567, 1913), (666, 1887), (782, 1854), (915, 1817), (1062, 1774), (1208, 1725), (1343, 1676), (1466, 1629), (1576, 1587), (1676, 1550), (1767, 1517), (1850, 1487), (1927, 1460), (1997, 1437), (2062, 1415), (2122, 1395), (2178, 1377), (2229, 1361), (2275, 1346), (2319, 1333), (2365, 1318), (2414, 1302), (2465, 1285), (2517, 1267), (2570, 1250), (2620, 1233), (2668, 1217), (2714, 1202), (2759, 1187), (2804, 1173), (2846, 1159), (2886, 1146), (2927, 1132), (2968, 1118), (3008, 1104), (3028, 1097), (3049, 1090)
Traj: (1970, 1153), (1945, 1155), (1921, 1159), (1872, 1165), (1826, 1174), (1781, 1185), (1752, 1201), (1740, 1217), (1745, 1235), (1767, 1251), (1806, 1265), (1849, 1275), (1890, 1284), (1931, 1293), (1975, 1302), (2017, 1312), (2062, 1322), (2110, 1333), (2165, 1345), (2217, 1356), (2269, 1367), (2320, 1377), (2369, 1387), (2413, 1395), (2460, 1405), (2509, 1415), (2561, 1426), (2615, 1437), (2672, 1450), (2731, 1463), (2792, 1477), (2856, 1491), (2923, 1507), (2993, 1523), (3067, 1540), (3144, 1558), (3224, 1577), (3299, 1596), (3369, 1616), (3431, 1632), (3487, 1647), (3507, 1655), (3525, 1659), (3544, 1659), (3567, 1663), (3593, 1668), (3647, 1678), (3674, 1700), (3676, 1717), (3683, 1729), (3675, 1738), (3646, 1748)
Traj: (286, 2006), (317, 1995), (349, 1984), (411, 1963), (469, 1943), (524, 1924), (580, 1905), (650, 1886), (735, 1865), (833, 1840), (944, 1811), (1060, 1777), (1168, 1741), (1267, 1703), (1360, 1667), (1445, 1633), (1525, 1602), (1599, 1574), (1668, 1548), (1733, 1524), (1793, 1502), (1850, 1482), (1905, 1463), (1956, 1446), (2005, 1430), (2051, 1415), (2095, 1401), (2137, 1388), (2184, 1374), (2235, 1358), (2289, 1341), (2346, 1323), (2405, 1304), (2458, 1286), (2507, 1270), (2554, 1255), (2599, 1241), (2642, 1227), (2686, 1213), (2731, 1199), (2775, 1185), (2817, 1172), (2859, 1158), (2900, 1143), (2940, 1128), (2980, 1115), (3020, 1102), (3062, 1088), (3082, 1081), (3104, 1076)
Traj: (255, 2045), (295, 2034), (333, 2023), (408, 2002), (479, 1982), (544, 1964), (614, 1947), (683, 1931), (781, 1908), (887, 1880), (1000, 1847), (1113, 1808), (1234, 1764), (1331, 1724), (1424, 1685), (1514, 1649), (1596, 1617), (1670, 1587), (1738, 1560), (1802, 1536), (1860, 1513), (1915, 1492), (1966, 1473), (2014, 1455), (2059, 1438), (2108, 1420), (2162, 1401), (2219, 1382), (2278, 1362), (2339, 1341), (2395, 1322), (2446, 1304), (2492, 1287), (2539, 1271), (2585, 1255), (2631, 1239), (2676, 1223), (2722, 1207), (2766, 1192), (2809, 1176), (2851, 1162), (2893, 1148), (2935, 1133), (2977, 1119), (3020, 1107), (3041, 1099), (3064, 1092)
Traj: (347, 1957), (384, 1942), (420, 1929), (493, 1902), (580, 1878), (680, 1854), (793, 1825), (919, 1792), (1056, 1754), (1184, 1712), (1302, 1670), (1409, 1631), (1506, 1595), (1594, 1562), (1673, 1533), (1746, 1506), (1813, 1482), (1875, 1459), (1933, 1439), (1986, 1420), (2036, 1403), (2083, 1387), (2135, 1370), (2190, 1352), (2249, 1334), (2309, 1315), (2371, 1296), (2427, 1278), (2478, 1263), (2526, 1248), (2574, 1234), (2619, 1220), (2664, 1207), (2710, 1193), (2754, 1180), (2797, 1167), (2841, 1154), (2883, 1141), (2924, 1128), (2965, 1115), (3004, 1103), (3043, 1091), (3083, 1081), (3103, 1076), (3123, 1071)
Traj: (326, 2004), (365, 1991), (404, 1978), (480, 1953), (563, 1926), (667, 1900), (786, 1870), (916, 1836), (1055, 1797), (1194, 1757), (1315, 1714), (1421, 1673), (1518, 1636), (1604, 1602), (1682, 1572), (1752, 1544), (1817, 1519), (1875, 1497), (1930, 1476), (1980, 1458), (2027, 1441), (2078, 1423), (2132, 1404), (2189, 1385), (2248, 1365), (2308, 1344), (2362, 1325), (2412, 1308), (2460, 1291), (2506, 1275), (2552, 1259), (2598, 1243), (2644, 1226), (2687, 1211), (2730, 1196), (2772, 1182), (2813, 1167), (2853, 1153), (2893, 1139), (2933, 1126), (2971, 1113), (3010, 1101), (3030, 1095), (3050, 1089)
Traj: (199, 2025), (228, 2017), (256, 2009), (310, 1993), (364, 1978), (412, 1964), (458, 1949), (502, 1933), (544, 1919), (589, 1906), (646, 1893), (717, 1881), (799, 1868), (893, 1851), (993, 1828), (1090, 1801), (1181, 1770), (1266, 1738), (1346, 1707), (1421, 1678), (1491, 1651), (1556, 1626), (1617, 1602), (1673, 1579), (1726, 1558), (1775, 1538), (1821, 1520), (1871, 1501), (1923, 1482), (1978, 1462), (2035, 1442), (2094, 1421), (2147, 1402), (2197, 1385), (2244, 1369), (2287, 1354), (2329, 1339), (2372, 1323), (2416, 1306), (2460, 1290), (2505, 1273), (2550, 1256), (2594, 1241), (2635, 1227), (2676, 1213), (2717, 1200), (2759, 1186), (2800, 1173), (2841, 1160), (2873, 1137), (2891, 1128), (2908, 1118)
Traj: (295, 1988), (324, 1978), (353, 1968), (416, 1948), (490, 1930), (574, 1913), (667, 1896), (771, 1875), (879, 1851), (984, 1822), (1084, 1789), (1180, 1755), (1270, 1721), (1355, 1688), (1435, 1657), (1510, 1628), (1581, 1600), (1649, 1574), (1713, 1549), (1773, 1526), (1830, 1505), (1884, 1486), (1935, 1468), (1983, 1451), (2028, 1435), (2071, 1420), (2120, 1404), (2172, 1386), (2229, 1367), (2289, 1346), (2353, 1324), (2412, 1305), (2467, 1286), (2518, 1268), (2566, 1252), (2613, 1236), (2660, 1220), (2705, 1205), (2750, 1190), (2795, 1175), (2836, 1161), (2877, 1147), (2936, 1127), (2960, 1119), (2989, 1110)
Traj: (382, 1952), (408, 1944), (433, 1936), (482, 1920), (541, 1906), (609, 1892), (688, 1876), (778, 1856), (878, 1832), (976, 1804), (1071, 1773), (1160, 1742), (1243, 1712), (1320, 1683), (1393, 1656), (1460, 1631), (1524, 1609), (1583, 1588), (1639, 1568), (1691, 1550), (1740, 1531), (1787, 1514), (1832, 1498), (1875, 1483), (1923, 1466), (1976, 1449), (2034, 1431), (2095, 1412), (2158, 1392), (2217, 1374), (2271, 1357), (2320, 1341), (2368, 1324), (2415, 1307), (2462, 1289), (2507, 1271), (2552, 1254), (2596, 1238), (2639, 1224), (2683, 1209), (2727, 1195), (2771, 1181), (2814, 1167), (2858, 1152), (2903, 1137), (2954, 1122), (3014, 1102), (3043, 1093), (3075, 1083)
Traj: (858, 1049), (879, 1055), (900, 1061), (943, 1073), (987, 1082), (1031, 1092), (1077, 1101), (1122, 1110), (1169, 1120), (1215, 1130), (1264, 1139), (1313, 1149), (1362, 1159), (1409, 1168), (1457, 1177), (1505, 1185), (1553, 1193), (1606, 1200), (1662, 1207), (1722, 1213), (1784, 1219), (1850, 1225), (1916, 1230), (1985, 1234), (2053, 1238), (2121, 1240), (2188, 1243), (2253, 1244), (2314, 1245), (2372, 1245), (2426, 1244), (2478, 1241), (2527, 1237), (2574, 1231), (2618, 1225), (2662, 1217), (2703, 1207), (2744, 1197), (2785, 1186), (2825, 1174), (2865, 1162), (2904, 1150), (2943, 1136), (2982, 1121), (3027, 1107), (3098, 1081), (3127, 1070), (3163, 1058)
Traj: (387, 1977), (431, 1963), (474, 1950), (560, 1924), (667, 1896), (789, 1863), (926, 1823), (1073, 1778), (1228, 1727), (1368, 1678), (1492, 1631), (1602, 1590), (1700, 1554), (1787, 1522), (1866, 1492), (1938, 1466), (2003, 1443), (2063, 1422), (2118, 1404), (2169, 1386), (2216, 1371), (2267, 1356), (2320, 1338), (2375, 1320), (2432, 1302), (2489, 1283), (2543, 1265), (2593, 1248), (2641, 1232), (2688, 1217), (2734, 1202), (2778, 1187), (2841, 1163), (2882, 1147), (2908, 1138), (2937, 1126)
Traj: (758, 1888), (819, 1875), (876, 1860), (988, 1832), (1094, 1800), (1191, 1765), (1279, 1731), (1361, 1700), (1436, 1672), (1506, 1645), (1571, 1621), (1632, 1598), (1688, 1577), (1741, 1557), (1791, 1538), (1838, 1521), (1883, 1504), (1925, 1489), (1973, 1471), (2025, 1453), (2079, 1434), (2137, 1414), (2196, 1394), (2250, 1376), (2300, 1358), (2346, 1342), (2392, 1324), (2438, 1306), (2484, 1288), (2530, 1271), (2575, 1254), (2619, 1238), (2661, 1223), (2703, 1208), (2745, 1194), (2787, 1179), (2829, 1166), (2869, 1153), (2909, 1141), (2948, 1128), (2988, 1115), (3030, 1102), (3071, 1087), (3096, 1078), (3122, 1069), (3128, 1060), (3130, 1057), (3122, 1058)
Traj: (519, 1929), (542, 1921), (565, 1915), (618, 1899), (676, 1886), (745, 1870), (821, 1852), (905, 1830), (991, 1804), (1070, 1777), (1145, 1749), (1216, 1721), (1283, 1695), (1347, 1671), (1406, 1648), (1462, 1627), (1515, 1607), (1565, 1588), (1612, 1571), (1656, 1554), (1698, 1539), (1745, 1522), (1794, 1505), (1845, 1488), (1899, 1469), (1955, 1450), (2007, 1433), (2056, 1416), (2104, 1401), (2150, 1386), (2194, 1373), (2239, 1358), (2284, 1343), (2330, 1328), (2376, 1312), (2422, 1297), (2467, 1282), (2510, 1268), (2552, 1254), (2595, 1241), (2637, 1227), (2678, 1214), (2718, 1201), (2757, 1188), (2796, 1173), (2834, 1159), (2872, 1145), (2911, 1131), (2950, 1119), (2991, 1109), (3030, 1097), (3051, 1092), (3071, 1087)
Traj: (694, 1868), (754, 1855), (814, 1839), (929, 1809), (1045, 1775), (1149, 1738), (1246, 1702), (1334, 1670), (1413, 1641), (1486, 1615), (1552, 1590), (1614, 1568), (1670, 1547), (1722, 1528), (1770, 1511), (1815, 1496), (1858, 1481), (1905, 1466), (1957, 1449), (2012, 1431), (2071, 1411), (2132, 1392), (2188, 1374), (2241, 1357), (2289, 1342), (2334, 1327), (2380, 1312), (2427, 1297), (2473, 1282), (2520, 1266), (2569, 1251), (2614, 1236), (2658, 1222), (2701, 1207), (2744, 1194), (2784, 1180), (2824, 1166), (2863, 1152), (2902, 1138), (2940, 1123), (2980, 1110), (3019, 1096), (3059, 1084), (3082, 1071), (3098, 1065), (3111, 1059)
Traj: (492, 1769), (520, 1761), (545, 1754), (598, 1738), (661, 1721), (737, 1703), (838, 1683), (958, 1658), (1091, 1625), (1222, 1597), (1345, 1568), (1451, 1537), (1543, 1510), (1627, 1488), (1703, 1465), (1773, 1444), (1837, 1425), (1896, 1406), (1951, 1390), (2002, 1375), (2051, 1360), (2097, 1346), (2147, 1331), (2201, 1315), (2257, 1298), (2314, 1280), (2373, 1262), (2426, 1246), (2477, 1230), (2526, 1215), (2573, 1201), (2619, 1187), (2667, 1173), (2712, 1160), (2756, 1146), (2801, 1133), (2844, 1121), (2886, 1109), (2927, 1097), (2967, 1086), (3008, 1076), (3029, 1070), (3049, 1065)
Traj: (602, 1895), (696, 1875), (791, 1850), (959, 1804), (1136, 1752), (1297, 1697), (1435, 1645), (1552, 1598), (1654, 1559), (1745, 1524), (1826, 1493), (1899, 1466), (1966, 1443), (2027, 1422), (2083, 1402), (2135, 1384), (2183, 1369), (2229, 1354), (2278, 1337), (2330, 1320), (2385, 1302), (2442, 1282), (2501, 1263), (2555, 1246), (2605, 1230), (2653, 1215), (2701, 1201), (2748, 1187), (2794, 1173), (2840, 1159), (2883, 1146), (2924, 1133), (2965, 1120), (3005, 1106), (3046, 1092), (3066, 1085), (3086, 1079)
Traj: (1033, 1875), (1094, 1865), (1149, 1853), (1279, 1834), (1365, 1809), (1450, 1783), (1530, 1760), (1604, 1739), (1674, 1720), (1737, 1703), (1797, 1687), (1853, 1674), (1905, 1662), (1954, 1652), (2008, 1642), (2066, 1632), (2126, 1623), (2189, 1614), (2254, 1606), (2315, 1599), (2370, 1594), (2422, 1589), (2471, 1586), (2519, 1583), (2567, 1582), (2615, 1582), (2666, 1583), (2719, 1584), (2775, 1587), (2837, 1593), (2896, 1598), (2952, 1605), (3004, 1613), (3052, 1620), (3094, 1627), (3139, 1634), (3185, 1642), (3234, 1650), (3286, 1659), (3339, 1668), (3365, 1673), (3392, 1678)
Traj: (1032, 1830), (1059, 1820), (1086, 1809), (1139, 1789), (1192, 1768), (1245, 1748), (1296, 1729), (1346, 1711), (1395, 1693), (1441, 1676), (1486, 1659), (1532, 1642), (1579, 1624), (1627, 1605), (1678, 1586), (1732, 1566), (1787, 1545), (1844, 1524), (1901, 1504), (1959, 1483), (2016, 1462), (2072, 1443), (2126, 1424), (2179, 1406), (2230, 1389), (2278, 1373), (2324, 1358), (2371, 1342), (2418, 1325), (2464, 1308), (2509, 1291), (2555, 1273), (2598, 1256), (2640, 1240), (2682, 1223), (2723, 1208), (2764, 1192), (2804, 1177), (2844, 1162), (2884, 1148), (2923, 1135), (2963, 1122), (3003, 1109), (3043, 1096), (3066, 1088), (3095, 1079), (3105, 1074), (3111, 1072), (3108, 1072)
Traj: (828, 1877), (857, 1869), (899, 1856), (975, 1839), (1074, 1802), (1171, 1760), (1275, 1721), (1370, 1683), (1456, 1650), (1536, 1620), (1609, 1591), (1676, 1565), (1739, 1540), (1798, 1518), (1852, 1496), (1904, 1477), (1952, 1459), (1996, 1443), (2046, 1425), (2098, 1407), (2154, 1388), (2212, 1368), (2272, 1348), (2327, 1330), (2377, 1313), (2423, 1297), (2469, 1282), (2515, 1267), (2561, 1252), (2606, 1237), (2653, 1222), (2699, 1208), (2743, 1195), (2787, 1182), (2831, 1168), (2872, 1155), (2912, 1142), (2952, 1128), (2991, 1115), (3029, 1101), (3070, 1086), (3090, 1079), (3111, 1072)
Traj: (512, 1974), (573, 1961), (635, 1947), (754, 1919), (870, 1889), (980, 1859), (1079, 1826), (1168, 1795), (1250, 1764), (1325, 1738), (1395, 1711), (1460, 1688), (1523, 1665), (1581, 1641), (1633, 1619), (1687, 1597), (1737, 1576), (1783, 1557), (1836, 1539), (1895, 1517), (1954, 1497), (2016, 1476), (2081, 1454), (2143, 1432), (2200, 1413), (2253, 1396), (2303, 1379), (2352, 1363), (2400, 1345), (2448, 1329), (2497, 1313), (2546, 1300), (2594, 1286), (2641, 1274), (2688, 1262), (2735, 1249), (2781, 1234), (2803, 1226), (2828, 1219)
Traj: (692, 1020), (729, 1026), (741, 1029), (819, 1041), (873, 1049), (911, 1062), (951, 1071), (1011, 1083), (1054, 1095), (1082, 1104), (1128, 1109), (1173, 1118), (1221, 1127), (1268, 1136), (1317, 1146), (1365, 1155), (1413, 1165), (1462, 1174), (1513, 1184), (1563, 1194), (1613, 1203), (1661, 1213), (1710, 1223), (1760, 1233), (1816, 1245), (1878, 1259), (1939, 1273), (1999, 1288), (2057, 1301), (2111, 1314), (2162, 1325), (2216, 1337), (2275, 1349), (2338, 1363), (2406, 1377), (2479, 1393), (2558, 1410), (2634, 1427), (2674, 1436), (2714, 1444)
Traj: (2007, 1231), (1924, 1242), (1862, 1250), (1731, 1263), (1617, 1278), (1565, 1281), (1513, 1283), (1461, 1286), (1406, 1292), (1351, 1299), (1294, 1307), (1237, 1317), (1184, 1324), (1135, 1330), (1111, 1333), (1087, 1336)
Traj: (2101, 1134), (2114, 1131), (2111, 1133), (2092, 1138), (2071, 1141), (2050, 1143), (2001, 1150), (1954, 1155), (1905, 1161), (1857, 1167), (1806, 1173), (1751, 1181), (1691, 1189), (1625, 1198), (1561, 1207), (1498, 1216), (1439, 1224), (1384, 1232), (1334, 1239), (1281, 1246), (1225, 1253), (1166, 1261), (1104, 1269), (1037, 1279), (966, 1288), (892, 1298), (813, 1309), (728, 1322), (639, 1335), (546, 1350), (456, 1366), (372, 1378), (297, 1388), (232, 1398), (172, 1406), (143, 1409), (115, 1413)
Traj: (2159, 1138), (2130, 1140), (2100, 1143), (2040, 1150), (1974, 1157), (1914, 1164), (1857, 1172), (1803, 1179), (1754, 1185), (1710, 1191), (1664, 1196), (1615, 1203), (1563, 1209), (1508, 1217), (1450, 1225), (1388, 1233), (1322, 1243), (1252, 1252), (1176, 1263), (1102, 1272), (1033, 1277), (967, 1283), (902, 1288), (847, 1293), (793, 1299), (740, 1308), (689, 1317), (641, 1325), (589, 1334), (534, 1343), (474, 1352), (415, 1363), (353, 1372), (294, 1380), (240, 1387), (191, 1394), (141, 1400), (119, 1402), (97, 1406)
Traj: (535, 993), (556, 1002), (577, 1009), (619, 1023), (659, 1038), (700, 1050), (740, 1063), (781, 1075), (822, 1087), (865, 1099), (909, 1110), (955, 1119), (1003, 1127), (1052, 1137), (1105, 1147), (1156, 1156), (1208, 1167), (1264, 1181), (1323, 1193), (1386, 1206), (1448, 1220), (1508, 1233), (1564, 1245), (1615, 1256), (1662, 1266), (1710, 1277), (1762, 1289), (1817, 1302), (1875, 1316), (1936, 1331), (2002, 1346), (2071, 1362), (2147, 1380), (2227, 1399), (2305, 1417), (2345, 1426), (2387, 1436)
Traj: (686, 1053), (706, 1057), (727, 1062), (770, 1071), (813, 1079), (858, 1089), (905, 1099), (952, 1109), (1001, 1119), (1051, 1130), (1101, 1141), (1154, 1152), (1208, 1163), (1264, 1176), (1322, 1189), (1386, 1204), (1452, 1219), (1517, 1233), (1577, 1247), (1634, 1260), (1686, 1273), (1733, 1285), (1782, 1298), (1834, 1311), (1890, 1325), (1949, 1340), (2012, 1356), (2079, 1372), (2151, 1389), (2228, 1407), (2310, 1425), (2398, 1445), (2493, 1467), (2584, 1487), (2632, 1498), (2680, 1509)
Traj: (2150, 1119), (2129, 1124), (2107, 1128), (2064, 1135), (2018, 1144), (1972, 1152), (1920, 1159), (1863, 1166), (1801, 1174), (1741, 1182), (1682, 1189), (1627, 1196), (1575, 1203), (1528, 1209), (1477, 1215), (1423, 1223), (1365, 1230), (1303, 1239), (1236, 1249), (1164, 1259), (1081, 1270), (994, 1282), (902, 1294), (802, 1307), (692, 1322), (591, 1337), (489, 1353), (399, 1365), (322, 1374), (259, 1381), (198, 1390), (144, 1398), (116, 1402), (87, 1410)
Traj: (640, 1026), (653, 1034), (670, 1040), (695, 1055), (737, 1067), (780, 1077), (824, 1086), (867, 1095), (912, 1105), (957, 1114), (1004, 1124), (1052, 1133), (1102, 1143), (1150, 1153), (1201, 1163), (1252, 1174), (1305, 1187), (1361, 1200), (1422, 1214), (1481, 1228), (1537, 1242), (1590, 1255), (1639, 1267), (1683, 1278), (1730, 1290), (1779, 1302), (1832, 1314), (1888, 1329), (1948, 1344), (2012, 1359), (2081, 1376), (2155, 1394), (2234, 1413), (2312, 1431), (2352, 1441), (2394, 1451)
Traj: (2110, 1142), (2096, 1143), (2066, 1146), (2022, 1152), (1977, 1180), (1932, 1211), (1912, 1244), (1923, 1276), (1954, 1311), (2006, 1322), (2061, 1333), (2123, 1347), (2182, 1360), (2239, 1371), (2293, 1382), (2344, 1392), (2390, 1401), (2440, 1410), (2492, 1421), (2548, 1432), (2607, 1445), (2669, 1458), (2736, 1473), (2807, 1488), (2884, 1506), (2966, 1524), (3055, 1544), (3150, 1566), (3244, 1590), (3334, 1612), (3383, 1624), (3428, 1636)
Traj: (1428, 1615), (1461, 1602), (1494, 1590), (1565, 1564), (1623, 1543), (1691, 1519), (1754, 1496), (1813, 1476), (1869, 1457), (1921, 1438), (1965, 1424), (2010, 1409), (2059, 1393), (2108, 1377), (2160, 1361), (2211, 1345), (2262, 1330), (2309, 1316), (2353, 1303), (2396, 1290), (2439, 1278), (2482, 1266), (2526, 1254), (2570, 1239), (2611, 1225), (2652, 1211), (2692, 1196), (2732, 1182), (2772, 1169), (2812, 1157), (2853, 1144), (2892, 1131), (2931, 1118), (2971, 1106), (3009, 1093), (3029, 1087), (3048, 1082)
Traj: (2023, 1154), (1997, 1156), (1966, 1159), (1907, 1165), (1848, 1171), (1785, 1180), (1716, 1189), (1654, 1196), (1594, 1204), (1538, 1211), (1471, 1214), (1410, 1216), (1343, 1220), (1273, 1221), (1197, 1225), (1133, 1234), (1061, 1246), (984, 1258), (901, 1273), (815, 1286), (719, 1300), (616, 1314), (513, 1329), (414, 1342), (320, 1353), (235, 1363), (159, 1373), (123, 1375), (87, 1379)
Traj: (2123, 1113), (2099, 1120), (2077, 1126), (2027, 1136), (1973, 1148), (1916, 1155), (1854, 1162), (1785, 1170), (1722, 1177), (1662, 1184), (1605, 1191), (1554, 1198), (1507, 1204), (1459, 1209), (1407, 1215), (1353, 1222), (1296, 1229), (1236, 1236), (1172, 1243), (1105, 1251), (1033, 1260), (956, 1270), (874, 1282), (795, 1294), (720, 1301), (641, 1303), (551, 1302), (463, 1299), (371, 1296), (318, 1293), (262, 1295)
Traj: (1885, 1153), (1827, 1158), (1781, 1162), (1691, 1169), (1598, 1176), (1539, 1183), (1476, 1189), (1407, 1197), (1339, 1206), (1273, 1213), (1210, 1220), (1149, 1226), (1093, 1233), (1032, 1240), (966, 1251), (895, 1262), (817, 1274), (733, 1287), (642, 1300), (545, 1313), (451, 1326), (361, 1338), (278, 1349), (203, 1359), (169, 1364), (137, 1368)
Traj: (1456, 1608), (1499, 1591), (1537, 1578), (1625, 1547), (1682, 1525), (1735, 1505), (1785, 1487), (1833, 1470), (1878, 1454), (1921, 1441), (1969, 1427), (2020, 1411), (2075, 1395), (2132, 1377), (2191, 1358), (2244, 1340), (2295, 1323), (2343, 1307), (2388, 1291), (2432, 1276), (2475, 1262), (2516, 1248), (2555, 1235), (2595, 1223), (2636, 1210), (2676, 1198), (2716, 1186), (2758, 1173), (2800, 1160), (2841, 1147), (2883, 1135), (2924, 1122), (2966, 1110), (3008, 1096), (3050, 1084), (3071, 1077), (3092, 1070)
Traj: (1985, 1146), (1953, 1150), (1919, 1154), (1858, 1161), (1792, 1170), (1731, 1178), (1674, 1185), (1621, 1192), (1566, 1198), (1516, 1205), (1463, 1212), (1407, 1219), (1348, 1227), (1285, 1235), (1218, 1244), (1146, 1253), (1068, 1263), (985, 1274), (898, 1286), (803, 1299), (702, 1313), (597, 1328), (493, 1344), (395, 1358), (304, 1370), (222, 1381), (185, 1386), (149, 1389)
Traj: (855, 1050), (878, 1056), (900, 1061), (945, 1072), (991, 1082), (1040, 1094), (1086, 1104), (1133, 1115), (1179, 1124), (1225, 1134), (1270, 1143), (1318, 1153), (1368, 1163), (1421, 1173), (1478, 1184), (1538, 1195), (1603, 1205), (1673, 1215), (1739, 1224), (1801, 1232), (1857, 1237), (1913, 1242), (1968, 1246), (2028, 1249), (2089, 1252), (2152, 1255), (2209, 1256), (2260, 1256), (2309, 1255), (2356, 1252), (2404, 1249), (2451, 1245), (2498, 1239), (2543, 1233), (2569, 1228), (2586, 1226), (2600, 1223)
Traj: (195, 1986), (232, 1976), (262, 1966), (320, 1946), (374, 1930), (423, 1914), (463, 1901), (508, 1886), (561, 1870), (624, 1855), (697, 1842), (778, 1829), (862, 1818), (943, 1806), (1016, 1792), (1084, 1776), (1147, 1756), (1203, 1737), (1254, 1719), (1302, 1702), (1349, 1684), (1396, 1666), (1446, 1645), (1498, 1623), (1552, 1602), (1602, 1583), (1650, 1565), (1696, 1550), (1739, 1537), (1784, 1524), (1829, 1511), (1874, 1499), (1897, 1493), (1921, 1488)
Traj: (2113, 1141), (2103, 1142), (2086, 1144), (2063, 1147), (2016, 1152), (1967, 1159), (1915, 1166), (1863, 1172), (1811, 1179), (1755, 1186), (1697, 1194), (1634, 1202), (1567, 1211), (1496, 1221), (1429, 1230), (1366, 1239), (1308, 1247), (1255, 1255), (1208, 1261), (1159, 1267), (1107, 1275), (1054, 1282), (999, 1290), (942, 1298), (883, 1307), (821, 1316), (755, 1325), (687, 1335), (616, 1346), (546, 1356), (510, 1361), (474, 1367)
Traj: (1748, 1183), (1724, 1187), (1698, 1190), (1646, 1197), (1589, 1204), (1529, 1212), (1463, 1221), (1400, 1229), (1341, 1238), (1285, 1245), (1234, 1252), (1189, 1258), (1141, 1264), (1090, 1271), (1037, 1279), (981, 1288), (922, 1296), (860, 1306), (795, 1315), (725, 1325), (652, 1335), (573, 1347), (493, 1359), (418, 1371), (348, 1380), (286, 1386), (231, 1392), (182, 1398), (132, 1403), (108, 1407), (82, 1412)
Traj: (2098, 1712), (2130, 1707), (2161, 1701), (2221, 1691), (2280, 1682), (2334, 1674), (2384, 1669), (2431, 1668), (2476, 1665), (2524, 1662), (2574, 1661), (2628, 1659), (2685, 1654), (2743, 1654), (2799, 1656), (2851, 1662), (2902, 1670), (2952, 1678), (3001, 1686), (3053, 1696), (3112, 1705), (3169, 1712), (3227, 1721), (3286, 1732), (3345, 1740), (3403, 1747), (3470, 1755), (3535, 1764), (3598, 1774), (3657, 1784), (3689, 1790), (3712, 1799)
Traj: (1036, 1854), (1087, 1838), (1136, 1823), (1232, 1795), (1327, 1766), (1416, 1740), (1499, 1715), (1579, 1693), (1656, 1673), (1729, 1655), (1800, 1639), (1868, 1624), (1934, 1612), (1999, 1600), (2063, 1590), (2127, 1582), (2190, 1574), (2253, 1568), (2316, 1563), (2380, 1559), (2443, 1556), (2507, 1553), (2539, 1552), (2571, 1551)
Traj: (1845, 1352), (1871, 1359), (1911, 1369), (1994, 1390), (2005, 1452), (2019, 1506), (2044, 1546), (2057, 1576), (2051, 1595), (2126, 1561), (2195, 1530), (2249, 1505), (2298, 1481), (2350, 1458), (2396, 1433), (2446, 1404), (2497, 1379), (2553, 1354), (2606, 1328), (2632, 1318), (2656, 1310)
Traj: (1879, 1170), (1849, 1173), (1817, 1178), (1752, 1187), (1683, 1196), (1618, 1205), (1556, 1213), (1499, 1221), (1447, 1228), (1400, 1235), (1351, 1242), (1300, 1250), (1247, 1258), (1190, 1266), (1131, 1275), (1069, 1284), (1004, 1291), (935, 1299), (868, 1307), (796, 1314), (721, 1323), (642, 1334), (557, 1345), (464, 1357), (417, 1364), (368, 1371)
Traj: (1086, 1893), (1143, 1884), (1200, 1872), (1311, 1848), (1418, 1822), (1523, 1792), (1620, 1763), (1710, 1736), (1794, 1712), (1873, 1691), (1949, 1673), (2023, 1657), (2094, 1643), (2165, 1632), (2235, 1622), (2305, 1614), (2375, 1607), (2447, 1599), (2482, 1596), (2518, 1593)
Traj: (1177, 1163), (1201, 1169), (1226, 1175), (1277, 1186), (1328, 1198), (1382, 1209), (1439, 1222), (1502, 1236), (1562, 1250), (1620, 1264), (1674, 1276), (1723, 1288), (1768, 1299), (1815, 1310), (1865, 1322), (1917, 1334), (1973, 1347), (2032, 1361), (2094, 1376), (2160, 1391), (2230, 1408), (2305, 1426), (2386, 1445), (2472, 1465), (2556, 1484), (2599, 1494), (2644, 1505)
Traj: (2129, 1375), (2152, 1380), (2176, 1385), (2225, 1396), (2272, 1406), (2323, 1418), (2375, 1430), (2430, 1443), (2488, 1456), (2549, 1469), (2613, 1483), (2681, 1497), (2752, 1512), (2826, 1528), (2905, 1544), (2989, 1561), (3078, 1579), (3174, 1599), (3267, 1619), (3354, 1639), (3432, 1654), (3503, 1669), (3534, 1676), (3563, 1680)
Traj: (1542, 1893), (1589, 1872), (1633, 1851), (1721, 1812), (1805, 1769), (1881, 1728), (1950, 1689), (2015, 1653), (2074, 1620), (2131, 1590), (2190, 1560), (2249, 1531), (2278, 1522), (2358, 1481), (2434, 1442), (2464, 1427), (2496, 1412)
Traj: (880, 1132), (902, 1135), (923, 1136), (1000, 1148), (1085, 1162), (1169, 1179), (1256, 1197), (1347, 1217), (1408, 1232), (1466, 1245), (1528, 1262), (1587, 1278), (1703, 1280), (1796, 1277), (1867, 1274), (1914, 1267), (1943, 1259), (1893, 1263), (1869, 1266), (1843, 1269)
Traj: (2161, 1122), (2141, 1126), (2119, 1131), (2077, 1138), (2033, 1145), (1986, 1153), (1936, 1159), (1884, 1165), (1827, 1172), (1766, 1180), (1700, 1188), (1638, 1196), (1578, 1204), (1523, 1211), (1472, 1217), (1427, 1223), (1379, 1230), (1330, 1237), (1278, 1244), (1224, 1251), (1166, 1259), (1106, 1267), (1041, 1276), (973, 1286), (902, 1295), (833, 1305), (797, 1310), (761, 1315)
Traj: (1934, 1462), (1964, 1452), (1992, 1442), (2049, 1423), (2102, 1405), (2150, 1389), (2195, 1374), (2240, 1360), (2286, 1346), (2331, 1331), (2377, 1317), (2422, 1302), (2466, 1287), (2508, 1273), (2549, 1259), (2590, 1245), (2633, 1231), (2674, 1217), (2716, 1204), (2758, 1190), (2799, 1177), (2839, 1164), (2878, 1150), (2917, 1136), (2962, 1119), (3008, 1102), (3031, 1094), (3056, 1085)
Traj: (1290, 1286), (1242, 1285), (1205, 1285), (1098, 1285), (1046, 1291), (991, 1298), (935, 1306), (875, 1316), (815, 1325), (754, 1335), (689, 1345), (622, 1355), (551, 1366), (476, 1377), (397, 1389), (316, 1402), (241, 1412), (170, 1422), (133, 1427), (101, 1431)
Traj: (1947, 1682), (1987, 1662), (2031, 1639), (2113, 1599), (2185, 1565), (2243, 1537), (2300, 1510), (2300, 1506), (2331, 1487), (2371, 1462), (2413, 1436), (2454, 1411), (2546, 1367), (2620, 1333), (2650, 1320), (2683, 1306)
Traj: (2048, 1149), (2027, 1152), (2006, 1155), (1961, 1162), (1918, 1168), (1873, 1174), (1824, 1180), (1773, 1187), (1718, 1193), (1659, 1201), (1597, 1209), (1530, 1218), (1459, 1228), (1391, 1238), (1329, 1247), (1271, 1256), (1218, 1263), (1171, 1269), (1122, 1274), (1071, 1280), (1017, 1287), (962, 1294), (905, 1302), (848, 1309), (819, 1313), (791, 1316)
Traj: (820, 1834), (875, 1820), (928, 1801), (1033, 1771), (1129, 1733), (1217, 1695), (1300, 1662), (1375, 1634), (1450, 1608), (1527, 1582), (1601, 1556), (1669, 1531), (1734, 1507), (1791, 1486), (1841, 1467), (1896, 1448), (1922, 1439), (1950, 1431)
Traj: (2358, 1113), (2291, 1125), (2218, 1132), (2093, 1152), (1953, 1177), (1906, 1184), (1845, 1193)
Traj: (507, 986), (512, 990), (533, 1001), (586, 1014), (683, 1023), (807, 1044), (877, 1054), (963, 1057)
Traj: (947, 1288), (908, 1294), (874, 1299), (852, 1304), (820, 1309), (782, 1315), (739, 1323), (680, 1333), (567, 1350), (458, 1367), (356, 1382), (263, 1394), (178, 1405), (140, 1409), (104, 1413)
Traj: (2255, 1132), (2208, 1134), (2166, 1137), (2059, 1142), (1996, 1148), (1931, 1157), (1866, 1165), (1806, 1173), (1749, 1181), (1698, 1187), (1651, 1194), (1603, 1200), (1552, 1206), (1498, 1213), (1441, 1220), (1381, 1227), (1322, 1235), (1292, 1239), (1261, 1243)
Traj: (447, 1949), (478, 1937), (516, 1927), (587, 1906), (576, 1916), (565, 1926), (554, 1938), (538, 1948), (522, 1957), (612, 1934), (707, 1911), (754, 1899), (810, 1886)
Traj: (2058, 1139), (2037, 1144), (2014, 1148), (1970, 1160), (1918, 1165), (1861, 1173), (1798, 1181), (1738, 1188), (1679, 1196), (1623, 1203), (1571, 1209), (1523, 1215), (1472, 1222), (1419, 1230), (1362, 1238), (1303, 1246), (1239, 1255), (1172, 1264), (1100, 1274), (1030, 1283), (994, 1288), (957, 1293)
Traj: (1224, 1242), (1181, 1247), (1135, 1252), (1043, 1264), (942, 1278), (832, 1293), (710, 1310), (587, 1329), (468, 1344), (357, 1358), (251, 1372), (203, 1378), (159, 1381)
Traj: (439, 991), (439, 1000), (457, 994), (497, 998), (521, 990), (512, 993), (536, 989), (549, 999), (564, 1003), (590, 1019), (664, 1028), (691, 1034), (723, 1039)
Traj: (1015, 1768), (1053, 1753), (1089, 1739), (1160, 1713), (1226, 1689), (1284, 1668), (1337, 1649), (1384, 1631), (1430, 1614), (1475, 1597), (1524, 1579), (1576, 1560), (1631, 1540), (1683, 1521), (1736, 1503), (1783, 1486), (1827, 1471), (1869, 1457), (1890, 1450), (1910, 1443)
Traj: (1336, 1243), (1308, 1246), (1280, 1250), (1222, 1257), (1162, 1265), (1098, 1273), (1031, 1282), (960, 1291), (886, 1301), (807, 1313), (724, 1325), (636, 1338), (544, 1352), (454, 1365), (407, 1372), (360, 1379)
Traj: (2978, 1071), (3022, 1067), (3088, 1053), (3138, 1052), (3201, 1041)
Traj: (978, 1238), (952, 1246), (923, 1253), (868, 1269), (806, 1282), (744, 1295), (687, 1306), (634, 1316), (586, 1324), (544, 1331), (501, 1338), (456, 1346), (409, 1354), (362, 1361), (313, 1369), (262, 1376), (209, 1383), (156, 1386), (130, 1389), (102, 1392)
Traj: (663, 1050), (683, 1053), (704, 1057), (745, 1063), (786, 1073), (828, 1083), (870, 1093), (913, 1104), (955, 1114), (977, 1119), (999, 1124)
Traj: (647, 1306), (641, 1314), (616, 1323), (579, 1338), (511, 1358), (427, 1372), (344, 1385), (271, 1395), (209, 1404), (185, 1405), (165, 1407), (150, 1409)
Traj: (2077, 1130), (2051, 1133), (2025, 1136), (1972, 1143), (1919, 1149), (1864, 1155), (1805, 1161), (1741, 1169), (1680, 1176), (1623, 1183), (1568, 1190), (1518, 1196), (1474, 1202), (1414, 1208), (1388, 1210), (1359, 1213)
Traj: (2555, 1242), (2577, 1236), (2599, 1229), (2643, 1215), (2686, 1202), (2727, 1190), (2768, 1177), (2808, 1165), (2848, 1153), (2887, 1140), (2927, 1127), (2966, 1115), (3006, 1101), (3047, 1087), (3068, 1080), (3088, 1073)
Traj: (1039, 1762), (1085, 1746), (1129, 1729), (1216, 1696), (1297, 1666), (1374, 1639), (1445, 1613), (1512, 1590), (1574, 1568), (1636, 1545), (1666, 1534), (1695, 1523)
Traj: (515, 2093), (540, 2084), (565, 2076), (616, 2061), (665, 2046), (713, 2035), (760, 2024), (805, 2016), (851, 2007), (902, 1997), (955, 1988), (1010, 1978), (1065, 1969), (1118, 1959), (1166, 1951), (1191, 1947), (1214, 1943)
Traj: (504, 1001), (525, 1007), (547, 1013), (596, 1019), (629, 1036), (671, 1048), (711, 1058), (751, 1070), (771, 1075), (792, 1080)
Traj: (2394, 1446), (2423, 1431), (2451, 1417), (2504, 1388), (2558, 1359), (2607, 1331), (2656, 1303), (2702, 1276), (2748, 1252), (2795, 1229), (2868, 1198), (2898, 1186), (2932, 1174)
Traj: (2699, 1567), (2734, 1570), (2769, 1573), (2840, 1581), (2910, 1590), (2982, 1600), (3055, 1610), (3130, 1622), (3206, 1634), (3281, 1646), (3319, 1652), (3357, 1658)
Traj: (2076, 1137), (2041, 1141), (2012, 1145), (1955, 1152), (1901, 1158), (1853, 1164), (1810, 1168), (1765, 1174), (1718, 1179), (1670, 1186), (1619, 1192), (1565, 1199), (1507, 1207), (1451, 1214), (1422, 1218), (1392, 1222)
Traj: (943, 1351), (917, 1350), (893, 1350), (843, 1350), (792, 1352), (743, 1356), (691, 1360), (634, 1363), (570, 1369), (502, 1374), (428, 1379), (354, 1384), (315, 1388), (276, 1391)
Traj: (603, 1015), (624, 1018), (646, 1021), (689, 1028), (731, 1035), (773, 1041), (814, 1048), (854, 1056), (894, 1064), (934, 1072), (976, 1078), (997, 1082), (1018, 1085)
Traj: (1927, 1161), (1906, 1163), (1879, 1166), (1834, 1170), (1774, 1177), (1716, 1185), (1661, 1191), (1611, 1198), (1567, 1203), (1521, 1207), (1472, 1209), (1448, 1210), (1423, 1211)
Traj: (638, 1018), (661, 1022), (684, 1026), (728, 1033), (772, 1040), (815, 1047), (858, 1054), (899, 1062), (943, 1068), (964, 1071), (986, 1075)
Traj: (755, 1067), (776, 1074), (798, 1080), (840, 1092), (883, 1104), (925, 1116), (970, 1127), (1015, 1137), (1060, 1148), (1096, 1165), (1114, 1183), (1127, 1192), (1133, 1203)
