Traj: (3193, 1393), (3158, 1388), (3124, 1385), (3058, 1378), (2967, 1370), (2880, 1362), (2796, 1355), (2716, 1347), (2636, 1340), (2585, 1335), (2535, 1330), (2487, 1326), (2441, 1322), (2396, 1318), (2352, 1315), (2306, 1312), (2256, 1305), (2204, 1299), (2146, 1293), (2083, 1288), (2021, 1283), (1960, 1280), (1899, 1278), (1843, 1275), (1790, 1271), (1739, 1268), (1691, 1265), (1645, 1262), (1600, 1260), (1554, 1257), (1506, 1254), (1458, 1251), (1408, 1249), (1359, 1247), (1312, 1245), (1268, 1243), (1223, 1241), (1180, 1239), (1134, 1238), (1089, 1237), (1044, 1236), (998, 1236), (950, 1240), (901, 1244), (870, 1246), (848, 1249), (830, 1253)
Traj: (208, 1426), (238, 1424), (267, 1422), (334, 1416), (413, 1411), (501, 1407), (597, 1402), (703, 1397), (806, 1392), (906, 1388), (1000, 1384), (1090, 1381), (1175, 1377), (1256, 1373), (1335, 1371), (1411, 1369), (1485, 1368), (1557, 1369), (1628, 1369), (1698, 1370), (1767, 1371), (1836, 1373), (1904, 1375), (1972, 1377), (2041, 1380), (2110, 1383), (2181, 1387), (2254, 1391), (2329, 1395), (2407, 1401), (2488, 1407), (2574, 1415), (2663, 1422), (2760, 1431), (2857, 1438), (3002, 1440), (3101, 1438), (3159, 1431), (3169, 1421), (3141, 1406), (3027, 1395), (2921, 1384), (2821, 1374), (2728, 1365), (2639, 1357), (2555, 1349), (2476, 1342), (2397, 1335), (2378, 1313), (2385, 1292), (2415, 1271), (2437, 1256), (2502, 1235)
Traj: (1223, 1263), (1244, 1265), (1266, 1268), (1309, 1274), (1355, 1278), (1402, 1283), (1453, 1288), (1510, 1294), (1567, 1300), (1621, 1306), (1673, 1311), (1722, 1317), (1767, 1322), (1815, 1326), (1866, 1332), (1922, 1337), (1981, 1343), (2045, 1349), (2114, 1356), (2188, 1364), (2268, 1373), (2354, 1383), (2446, 1393), (2547, 1405), (2650, 1415), (2749, 1426), (2843, 1436), (2907, 1430), (2935, 1419), (2934, 1406), (2903, 1389), (2850, 1371), (2795, 1364), (2739, 1358), (2682, 1351), (2631, 1344), (2574, 1337), (2518, 1329), (2466, 1321), (2416, 1312), (2380, 1291), (2367, 1276), (2372, 1264), (2396, 1252), (2510, 1241), (2634, 1236), (2735, 1232), (2819, 1229), (2904, 1216), (2912, 1197), (2897, 1196), (2900, 1186)
Traj: (3394, 1421), (3353, 1418), (3314, 1414), (3238, 1407), (3158, 1400), (3079, 1392), (3005, 1385), (2934, 1379), (2864, 1373), (2798, 1367), (2736, 1362), (2676, 1355), (2617, 1349), (2560, 1343), (2504, 1338), (2451, 1333), (2399, 1329), (2349, 1324), (2302, 1320), (2256, 1316), (2207, 1311), (2154, 1299), (2096, 1292), (2038, 1285), (1977, 1280), (1914, 1276), (1855, 1278), (1798, 1276), (1740, 1274), (1686, 1270), (1636, 1266), (1590, 1261), (1536, 1258), (1483, 1255), (1429, 1253), (1374, 1251), (1319, 1251), (1272, 1249), (1226, 1247), (1181, 1246), (1125, 1245), (1022, 1245), (948, 1245), (893, 1248), (825, 1249), (767, 1250), (773, 1250), (749, 1248), (721, 1247), (713, 1246)
Traj: (924, 1243), (1027, 1245), (1022, 1244), (1084, 1244), (1124, 1248), (1120, 1250), (1088, 1251), (1133, 1256), (1180, 1260), (1231, 1264), (1280, 1268), (1331, 1272), (1383, 1277), (1436, 1281), (1490, 1286), (1550, 1291), (1616, 1297), (1680, 1302), (1742, 1308), (1800, 1314), (1854, 1320), (1904, 1325), (1956, 1332), (2013, 1338), (2074, 1345), (2140, 1352), (2211, 1360), (2288, 1368), (2373, 1377), (2465, 1388), (2555, 1398), (2707, 1417), (2868, 1437), (3034, 1457), (3192, 1477), (3355, 1495), (3452, 1502), (3539, 1509), (3577, 1500), (3572, 1486), (3579, 1481), (3569, 1471)
Traj: (1079, 1249), (1102, 1252), (1125, 1255), (1171, 1262), (1218, 1267), (1268, 1271), (1316, 1275), (1362, 1279), (1408, 1283), (1454, 1287), (1500, 1291), (1550, 1296), (1604, 1302), (1663, 1309), (1728, 1316), (1791, 1324), (1850, 1331), (1906, 1337), (1957, 1341), (2003, 1345), (2051, 1350), (2102, 1355), (2157, 1361), (2214, 1369), (2274, 1377), (2337, 1385), (2402, 1393), (2470, 1402), (2541, 1410), (2615, 1417), (2687, 1426), (2767, 1434), (2853, 1444), (2944, 1455), (3041, 1467), (3143, 1477), (3236, 1489), (3324, 1501), (3315, 1498), (3319, 1492), (3323, 1486), (3321, 1476), (3315, 1467), (3370, 1466), (3402, 1469)
Traj: (3696, 1485), (3671, 1477), (3647, 1471), (3599, 1461), (3552, 1453), (3506, 1448), (3455, 1443), (3395, 1439), (3325, 1432), (3246, 1422), (3161, 1413), (3074, 1404), (2996, 1395), (2926, 1386), (2863, 1376), (2802, 1363), (2732, 1353), (2657, 1344), (2580, 1338), (2505, 1335), (2434, 1335), (2380, 1333), (2331, 1331), (2284, 1327), (2237, 1322), (2192, 1318), (2148, 1314), (2099, 1310), (2044, 1306), (1988, 1301), (1926, 1295), (1845, 1289), (1772, 1283), (1704, 1278), (1637, 1274), (1576, 1271), (1530, 1268), (1481, 1265), (1430, 1262), (1380, 1258), (1330, 1255), (1282, 1252), (1237, 1250), (1175, 1247), (1113, 1245), (1067, 1245), (991, 1245), (913, 1246), (877, 1248), (854, 1250), (801, 1251)
Traj: (1048, 1239), (1058, 1237), (1072, 1240), (1085, 1243), (1115, 1247), (1172, 1251), (1215, 1257), (1258, 1260), (1301, 1263), (1347, 1267), (1397, 1271), (1452, 1275), (1513, 1280), (1581, 1286), (1647, 1291), (1711, 1297), (1773, 1303), (1830, 1309), (1883, 1314), (1939, 1320), (2000, 1326), (2064, 1333), (2134, 1340), (2209, 1349), (2291, 1358), (2381, 1369), (2480, 1380), (2586, 1393), (2704, 1406), (2835, 1421), (2981, 1437), (3126, 1454), (3270, 1470), (3401, 1483), (3519, 1495), (3572, 1500), (3623, 1504)
Traj: (1061, 1240), (1038, 1239), (1033, 1241), (1053, 1244), (1095, 1245), (1083, 1246), (1084, 1248), (1086, 1248), (1056, 1247), (1043, 1248), (1062, 1250), (1108, 1253), (1156, 1257), (1203, 1261), (1252, 1265), (1302, 1269), (1352, 1273), (1403, 1278), (1459, 1283), (1522, 1289), (1583, 1295), (1642, 1301), (1698, 1306), (1750, 1311), (1797, 1317), (1848, 1322), (1902, 1328), (1959, 1334), (2020, 1341), (2080, 1347), (2165, 1331), (2247, 1313), (2324, 1294), (2397, 1272), (2471, 1247), (2493, 1246), (2516, 1243)
Traj: (1161, 1245), (1150, 1246), (1153, 1247), (1137, 1248), (1168, 1251), (1219, 1254), (1269, 1257), (1321, 1260), (1372, 1263), (1424, 1266), (1480, 1270), (1540, 1274), (1605, 1279), (1667, 1284), (1725, 1288), (1779, 1293), (1828, 1296), (1871, 1299), (1917, 1303), (1964, 1308), (2014, 1312), (2066, 1317), (2120, 1323), (2177, 1328), (2236, 1333), (2298, 1339), (2363, 1345), (2430, 1352), (2500, 1359), (2571, 1367), (2645, 1374), (2716, 1381), (2791, 1388), (2869, 1396), (2947, 1404), (3027, 1413), (3112, 1422), (3192, 1432), (3263, 1441), (3338, 1451), (3374, 1455), (3407, 1460)
Traj: (1567, 1310), (1597, 1308), (1626, 1307), (1682, 1303), (1737, 1300), (1789, 1296), (1838, 1292), (1885, 1289), (1929, 1286), (1978, 1282), (2033, 1278), (2091, 1274), (2153, 1269), (2219, 1263), (2279, 1257), (2334, 1251), (2386, 1246), (2439, 1241), (2491, 1236), (2543, 1232), (2579, 1224), (2613, 1218), (2650, 1224), (2664, 1224), (2660, 1221), (2655, 1221), (2660, 1225), (2636, 1213), (2637, 1213), (2635, 1216), (2656, 1231), (2651, 1232), (2664, 1241)
Traj: (1000, 1245), (1022, 1246), (1043, 1247), (1085, 1249), (1129, 1253), (1172, 1256), (1216, 1259), (1263, 1264), (1311, 1268), (1359, 1272), (1411, 1277), (1463, 1282), (1513, 1286), (1563, 1290), (1615, 1295), (1666, 1300), (1723, 1305), (1785, 1311), (1844, 1317), (1901, 1323), (1956, 1328), (2005, 1333), (2049, 1338), (2094, 1343), (2142, 1348), (2193, 1353), (2246, 1359), (2302, 1365), (2362, 1372), (2425, 1379), (2492, 1386), (2563, 1393), (2639, 1401), (2717, 1410), (2802, 1419), (2894, 1429), (2993, 1441), (3099, 1452), (3206, 1464), (3306, 1474), (3396, 1480), (3476, 1485), (3545, 1490), (3611, 1495), (3643, 1496), (3675, 1501)
Traj: (209, 1405), (240, 1404), (277, 1402), (354, 1396), (445, 1391), (546, 1388), (658, 1382), (772, 1377), (883, 1372), (990, 1368), (1091, 1364), (1187, 1360), (1281, 1358), (1371, 1356), (1458, 1354), (1543, 1354), (1626, 1354), (1707, 1354), (1787, 1356), (1866, 1358), (1945, 1361), (2025, 1365), (2101, 1368), (2180, 1372), (2256, 1374), (2341, 1379), (2431, 1385), (2532, 1394), (2634, 1403), (2753, 1414), (2865, 1424), (2922, 1428), (2980, 1433)
Traj: (1053, 1247), (1075, 1249), (1097, 1251), (1139, 1256), (1182, 1259), (1226, 1262), (1269, 1265), (1313, 1268), (1357, 1272), (1403, 1276), (1448, 1280), (1493, 1284), (1540, 1288), (1588, 1291), (1638, 1296), (1686, 1301), (1734, 1306), (1781, 1311), (1828, 1317), (1874, 1322), (1925, 1328), (1982, 1333), (2043, 1340), (2112, 1348), (2179, 1355), (2243, 1362), (2303, 1369), (2360, 1375), (2411, 1381), (2466, 1387), (2524, 1393), (2586, 1400), (2651, 1407), (2717, 1415), (2789, 1423), (2867, 1432), (2950, 1442), (3039, 1453), (3136, 1465), (3229, 1476), (3313, 1485), (3394, 1490), (3471, 1496), (3538, 1502), (3603, 1508), (3669, 1516), (3703, 1522), (3732, 1527)
Traj: (163, 1422), (190, 1419), (214, 1418), (263, 1418), (316, 1412), (371, 1410), (434, 1409), (504, 1405), (582, 1401), (661, 1397), (739, 1394), (813, 1390), (883, 1386), (949, 1383), (1012, 1380), (1071, 1377), (1127, 1375), (1180, 1373), (1231, 1371), (1280, 1370), (1326, 1369), (1370, 1368), (1420, 1366), (1475, 1365), (1536, 1364), (1601, 1363), (1671, 1363), (1738, 1363), (1801, 1364), (1862, 1365), (1921, 1367), (1979, 1369), (2035, 1370), (2091, 1372), (2147, 1375), (2205, 1378), (2265, 1382), (2323, 1385), (2378, 1389), (2441, 1392), (2505, 1396), (2570, 1398), (2642, 1401), (2682, 1402), (2718, 1404)
Traj: (1907, 1319), (1948, 1323), (1991, 1327), (2078, 1336), (2174, 1346), (2273, 1357), (2309, 1363), (2341, 1368), (2367, 1373), (2391, 1378), (2416, 1383), (2509, 1393), (2611, 1406), (2724, 1417), (2845, 1431), (2969, 1445), (3124, 1460), (3278, 1474), (3376, 1487), (3413, 1492), (3481, 1487), (3479, 1486), (3437, 1481)
Traj: (960, 1234), (959, 1235), (968, 1236), (991, 1237), (1012, 1238), (1102, 1241), (1175, 1240), (1228, 1238), (1257, 1235), (1266, 1232), (1214, 1229), (1158, 1227), (1102, 1226), (1065, 1229), (1048, 1232), (1049, 1236), (1073, 1240), (1115, 1246), (1158, 1248), (1204, 1251), (1253, 1254), (1302, 1257), (1351, 1261), (1399, 1264), (1446, 1267), (1491, 1270), (1539, 1274), (1590, 1278), (1645, 1283), (1703, 1287), (1767, 1293), (1827, 1297), (1885, 1302), (1939, 1307), (1988, 1312), (2033, 1316), (2080, 1321), (2130, 1326), (2183, 1332), (2238, 1338), (2298, 1344), (2361, 1351), (2423, 1357), (2455, 1360), (2487, 1364)
Traj: (3493, 1442), (3455, 1439), (3412, 1435), (3326, 1429), (3241, 1418), (3155, 1407), (3071, 1397), (2950, 1384), (2836, 1373), (2726, 1362), (2615, 1353), (2509, 1343), (2448, 1338), (2389, 1332), (2334, 1327), (2281, 1322), (2229, 1318), (2181, 1314), (2134, 1310), (2089, 1306), (2040, 1302), (1985, 1298), (1927, 1293), (1865, 1289), (1799, 1284), (1738, 1280), (1681, 1277), (1626, 1274), (1575, 1271), (1526, 1268), (1480, 1266), (1433, 1263), (1385, 1261), (1337, 1258), (1288, 1255), (1236, 1253), (1188, 1250), (1137, 1248), (1112, 1247), (1086, 1245)
Traj: (3429, 1343), (3360, 1337), (3296, 1333), (3171, 1323), (3046, 1319), (2931, 1315), (2827, 1312), (2730, 1307), (2640, 1301), (2557, 1296), (2479, 1289), (2408, 1283), (2341, 1279), (2278, 1274), (2221, 1269), (2167, 1265), (2117, 1261), (2070, 1258), (2019, 1254), (1966, 1251), (1910, 1247), (1853, 1244), (1795, 1241), (1742, 1238), (1692, 1233), (1644, 1229), (1598, 1227), (1552, 1225), (1507, 1223), (1428, 1223), (1350, 1223), (1273, 1222), (1225, 1221), (1162, 1220)
Traj: (1189, 1249), (1192, 1254), (1203, 1256), (1204, 1260), (1249, 1268), (1300, 1270), (1350, 1271), (1401, 1273), (1452, 1274), (1502, 1275), (1550, 1275), (1600, 1276), (1650, 1275), (1701, 1275), (1752, 1273), (1803, 1272), (1853, 1270), (1902, 1270), (1953, 1269), (2020, 1268), (2089, 1267), (2158, 1266), (2227, 1262), (2270, 1260), (2296, 1259)
Traj: (870, 1242), (911, 1243), (945, 1245), (1038, 1245), (1081, 1250), (1124, 1254), (1169, 1258), (1216, 1262), (1262, 1266), (1308, 1271), (1355, 1275), (1403, 1281), (1450, 1286), (1500, 1291), (1552, 1298), (1607, 1304), (1666, 1311), (1724, 1317), (1782, 1323), (1837, 1329), (1890, 1335), (1939, 1340), (1963, 1342), (1988, 1345)
Traj: (978, 1246), (1006, 1247), (1032, 1248), (1084, 1251), (1138, 1255), (1185, 1258), (1232, 1262), (1281, 1267), (1330, 1271), (1380, 1276), (1432, 1281), (1485, 1286), (1540, 1292), (1598, 1297), (1655, 1303), (1710, 1309), (1763, 1315), (1813, 1320), (1859, 1325), (1908, 1331), (1961, 1336), (2017, 1343), (2078, 1349), (2143, 1356), (2214, 1363), (2292, 1372), (2378, 1381), (2470, 1391), (2571, 1402), (2673, 1414), (2776, 1425), (2876, 1434), (2987, 1443), (3089, 1451), (3142, 1453), (3196, 1456)
Traj: (1083, 1244), (1078, 1246), (1084, 1247), (1105, 1251), (1115, 1255), (1164, 1260), (1216, 1263), (1267, 1267), (1316, 1271), (1365, 1274), (1413, 1278), (1459, 1281), (1509, 1285), (1561, 1290), (1617, 1295), (1677, 1300), (1740, 1306), (1808, 1313), (1871, 1319), (1931, 1326), (1986, 1331), (2036, 1336), (2080, 1341), (2126, 1346), (2174, 1351), (2224, 1356), (2278, 1362), (2334, 1368), (2394, 1375), (2458, 1381), (2526, 1389), (2598, 1397), (2675, 1406), (2757, 1415), (2846, 1425), (2932, 1435), (2977, 1441), (3022, 1446)
Traj: (1104, 1235), (1127, 1236), (1149, 1237), (1192, 1239), (1236, 1241), (1277, 1243), (1318, 1244), (1360, 1246), (1403, 1247), (1447, 1248), (1491, 1249), (1535, 1249), (1578, 1250), (1622, 1251), (1666, 1251), (1711, 1251), (1756, 1251), (1803, 1250), (1851, 1250), (1901, 1249), (1955, 1247), (2010, 1246), (2065, 1244), (2120, 1242), (2170, 1241), (2217, 1239), (2265, 1235), (2315, 1231), (2382, 1229), (2447, 1221), (2482, 1218), (2520, 1217)
Traj: (454, 1396), (493, 1392), (530, 1389), (611, 1383), (688, 1377), (768, 1372), (848, 1366), (930, 1361), (1009, 1356), (1086, 1350), (1161, 1344), (1234, 1338), (1305, 1332), (1373, 1326), (1437, 1322), (1498, 1318), (1556, 1316), (1611, 1313), (1664, 1310), (1713, 1307), (1761, 1303), (1807, 1300), (1858, 1296), (1914, 1292), (1975, 1288), (2041, 1283), (2112, 1278), (2181, 1272), (2246, 1266), (2308, 1260), (2366, 1255), (2421, 1249), (2474, 1244), (2526, 1236), (2551, 1233), (2576, 1229)
Traj: (1099, 1253), (1123, 1255), (1148, 1257), (1194, 1261), (1241, 1264), (1287, 1268), (1333, 1271), (1380, 1275), (1430, 1279), (1485, 1283), (1544, 1288), (1609, 1294), (1671, 1299), (1731, 1304), (1787, 1310), (1839, 1315), (1887, 1320), (1937, 1326), (1990, 1332), (2047, 1338), (2108, 1344), (2173, 1351), (2242, 1359), (2318, 1367), (2401, 1376), (2490, 1386), (2588, 1398), (2696, 1410), (2814, 1424), (2944, 1439), (3069, 1454), (3136, 1462), (3204, 1471)
Traj: (3157, 1385), (3121, 1385), (3089, 1384), (3018, 1378), (2959, 1375), (2900, 1371), (2842, 1366), (2787, 1361), (2732, 1358), (2682, 1354), (2632, 1349), (2586, 1344), (2538, 1339), (2491, 1335), (2445, 1331), (2400, 1327), (2356, 1323), (2313, 1320), (2270, 1316), (2226, 1312), (2179, 1309), (2132, 1305), (2085, 1302), (2038, 1298), (1991, 1295), (1946, 1292), (1898, 1288), (1851, 1284), (1791, 1280), (1729, 1276), (1667, 1271), (1601, 1266), (1534, 1262), (1482, 1259), (1432, 1256), (1384, 1254), (1342, 1252), (1301, 1250), (1256, 1248), (1211, 1246), (1189, 1245), (1165, 1244)
Traj: (346, 1398), (397, 1395), (448, 1392), (546, 1389), (646, 1381), (745, 1373), (837, 1366), (925, 1360), (1008, 1354), (1086, 1349), (1160, 1344), (1230, 1339), (1298, 1335), (1362, 1331), (1424, 1327), (1484, 1323), (1542, 1320), (1598, 1316), (1652, 1313), (1704, 1310), (1754, 1306), (1803, 1302), (1849, 1299), (1894, 1295), (1938, 1292), (1980, 1290), (2029, 1286), (2082, 1282), (2140, 1278), (2202, 1273), (2269, 1267), (2302, 1264), (2334, 1261)
Traj: (2449, 1375), (2504, 1381), (2564, 1388), (2685, 1401), (2819, 1416), (2969, 1433), (3124, 1450), (3204, 1453), (3216, 1450), (3269, 1453), (3297, 1449), (3315, 1442), (3396, 1444), (3492, 1452), (3529, 1448)
Traj: (315, 1402), (351, 1399), (386, 1395), (453, 1391), (523, 1385), (595, 1378), (661, 1373), (726, 1369), (791, 1364), (853, 1359), (913, 1355), (973, 1351), (1031, 1347), (1085, 1343), (1140, 1339), (1193, 1334), (1246, 1330), (1297, 1326), (1350, 1323), (1401, 1319), (1450, 1316), (1498, 1312), (1545, 1310), (1591, 1307), (1635, 1305), (1678, 1302), (1721, 1300), (1769, 1296), (1824, 1292), (1885, 1288), (1950, 1284), (2020, 1279), (2086, 1275), (2148, 1271), (2206, 1267), (2263, 1262), (2291, 1260), (2318, 1257)
Traj: (984, 1238), (990, 1239), (1002, 1241), (1038, 1244), (1056, 1247), (1090, 1252), (1104, 1253), (1119, 1254), (1126, 1255), (1155, 1256), (1186, 1258), (1239, 1263), (1293, 1268), (1344, 1273), (1394, 1278), (1443, 1282), (1490, 1286), (1536, 1290), (1581, 1293), (1628, 1296), (1676, 1297), (1725, 1298), (1775, 1297), (1825, 1296), (1874, 1295), (1921, 1293), (1969, 1291), (2017, 1289), (2065, 1287), (2112, 1285), (2137, 1284), (2160, 1282)
Traj: (1117, 1240), (1134, 1243), (1153, 1245), (1186, 1248), (1236, 1253), (1284, 1256), (1333, 1259), (1384, 1263), (1437, 1267), (1494, 1272), (1557, 1277), (1619, 1282), (1679, 1287), (1736, 1292), (1789, 1297), (1839, 1301), (1891, 1306), (1947, 1312), (2007, 1319), (2071, 1326), (2140, 1333), (2215, 1341), (2296, 1350), (2383, 1359), (2474, 1368), (2575, 1379), (2676, 1390), (2777, 1400), (2872, 1408), (2924, 1413), (2967, 1418)
Traj: (3004, 1378), (2948, 1376), (2899, 1372), (2804, 1367), (2713, 1359), (2626, 1352), (2551, 1344), (2476, 1337), (2406, 1330), (2339, 1325), (2276, 1319), (2216, 1314), (2160, 1309), (2107, 1304), (2057, 1300), (2010, 1296), (1959, 1292), (1906, 1288), (1852, 1284), (1798, 1280), (1720, 1273), (1648, 1267), (1514, 1259), (1381, 1251), (1303, 1246), (1227, 1243)
Traj: (2637, 1282), (2591, 1277), (2547, 1273), (2461, 1264), (2378, 1258), (2299, 1252), (2229, 1247), (2163, 1243), (2104, 1239), (2049, 1236), (1998, 1233), (1949, 1230), (1903, 1228), (1853, 1226), (1799, 1224), (1741, 1222), (1682, 1220), (1621, 1218), (1565, 1217), (1514, 1215), (1463, 1214), (1412, 1212), (1362, 1211), (1312, 1209), (1260, 1208), (1207, 1208), (1156, 1207), (1106, 1207), (1055, 1208), (1005, 1209), (960, 1208), (936, 1208), (912, 1208)
Traj: (2063, 1335), (2094, 1338), (2128, 1342), (2194, 1348), (2270, 1356), (2354, 1365), (2446, 1375), (2547, 1386), (2655, 1399), (2761, 1410), (2889, 1419), (3010, 1427), (3089, 1436), (3178, 1446), (3269, 1459), (3341, 1469), (3410, 1478), (3515, 1483), (3562, 1485), (3607, 1483)
Traj: (3056, 1381), (3005, 1377), (2956, 1373), (2859, 1363), (2766, 1355), (2681, 1347), (2600, 1339), (2525, 1332), (2455, 1326), (2389, 1320), (2327, 1315), (2269, 1310), (2214, 1305), (2163, 1301), (2114, 1297), (2067, 1293), (2023, 1289), (1973, 1285), (1920, 1281), (1862, 1277), (1801, 1273), (1736, 1269), (1676, 1265), (1620, 1262), (1566, 1259), (1512, 1253), (1486, 1251), (1461, 1249)
Traj: (1022, 1227), (1053, 1230), (1083, 1234), (1139, 1238), (1195, 1243), (1242, 1252), (1290, 1256), (1337, 1259), (1388, 1261), (1441, 1264), (1498, 1266), (1556, 1267), (1617, 1269), (1680, 1270), (1744, 1270), (1811, 1270), (1879, 1270), (1948, 1269), (2017, 1268), (2085, 1266), (2161, 1263), (2235, 1258), (2304, 1254), (2371, 1248), (2435, 1243), (2484, 1238), (2509, 1235), (2533, 1233)
Traj: (1011, 1242), (1011, 1242), (1020, 1243), (1050, 1245), (1053, 1247), (1094, 1250), (1136, 1253), (1179, 1256), (1223, 1259), (1269, 1263), (1318, 1267), (1367, 1271), (1416, 1275), (1467, 1279), (1523, 1284), (1575, 1289), (1634, 1294), (1691, 1298), (1747, 1303), (1800, 1308), (1856, 1314), (1909, 1319), (1936, 1322), (1964, 1325)
Traj: (2356, 1383), (2384, 1385), (2409, 1387), (2458, 1390), (2508, 1394), (2556, 1397), (2602, 1402), (2651, 1407), (2702, 1412), (2762, 1419), (2821, 1426), (2879, 1431), (2934, 1436), (2987, 1442), (3032, 1447), (3078, 1452), (3126, 1458), (3178, 1464), (3231, 1469), (3288, 1475), (3346, 1479), (3408, 1480), (3471, 1482), (3533, 1485), (3591, 1489), (3648, 1497), (3700, 1510), (3717, 1514), (3734, 1519), (3747, 1525)
Traj: (3384, 1413), (3331, 1407), (3278, 1401), (3196, 1391), (3078, 1376), (2989, 1363), (2893, 1349), (2784, 1337), (2679, 1328), (2576, 1319), (2471, 1314), (2386, 1308), (2324, 1304), (2267, 1299), (2214, 1294), (2162, 1291), (2114, 1289), (2068, 1286), (2024, 1283), (1978, 1280), (1956, 1279), (1934, 1277)
Traj: (783, 1253), (776, 1252), (837, 1251), (879, 1248), (939, 1249), (997, 1248), (1073, 1250), (1094, 1252), (1140, 1255), (1190, 1259), (1246, 1263), (1309, 1267), (1371, 1272), (1432, 1277), (1489, 1281), (1543, 1286), (1566, 1288), (1590, 1290)
Traj: (1925, 1288), (1899, 1286), (1862, 1283), (1796, 1278), (1727, 1273), (1656, 1269), (1584, 1264), (1523, 1261), (1467, 1258), (1415, 1255), (1363, 1252), (1313, 1249), (1263, 1247), (1215, 1245), (1167, 1242), (1111, 1240), (1055, 1239), (1018, 1239), (1016, 1239), (1001, 1240), (1008, 1242)
Traj: (1447, 1249), (1476, 1250), (1505, 1250), (1560, 1251), (1614, 1251), (1663, 1251), (1711, 1251), (1757, 1251), (1804, 1250), (1877, 1248), (1950, 1246), (2074, 1241), (2199, 1236), (2325, 1230), (2426, 1223), (2572, 1207), (2667, 1192), (2760, 1178), (2851, 1164), (2939, 1149), (2962, 1147), (2982, 1145)
Traj: (222, 1375), (268, 1372), (325, 1368), (434, 1360), (559, 1353), (694, 1345), (832, 1337), (963, 1329), (1086, 1322), (1200, 1315), (1307, 1309), (1407, 1303), (1501, 1298), (1593, 1293), (1637, 1290), (1681, 1287)
Traj: (3389, 1496), (3396, 1497), (3413, 1497), (3441, 1498), (3436, 1482), (3395, 1462), (3344, 1442), (3261, 1421), (3167, 1401), (3069, 1392), (2975, 1383), (2886, 1375), (2802, 1367), (2720, 1358), (2644, 1351), (2571, 1343), (2502, 1337), (2436, 1330), (2364, 1323), (2330, 1320), (2297, 1317)
Traj: (3360, 1416), (3292, 1410), (3222, 1405), (3095, 1394), (2967, 1383), (2847, 1372), (2738, 1362), (2640, 1352), (2548, 1344), (2463, 1335), (2385, 1328), (2311, 1321), (2244, 1316), (2181, 1310), (2121, 1305), (2060, 1300), (2031, 1298), (2002, 1295)
Traj: (1201, 1268), (1225, 1270), (1249, 1272), (1300, 1277), (1353, 1281), (1412, 1286), (1477, 1292), (1541, 1298), (1604, 1303), (1664, 1308), (1721, 1313), (1773, 1317), (1830, 1322), (1892, 1329), (1958, 1337), (2029, 1345), (2106, 1354), (2190, 1363), (2281, 1374), (2381, 1386), (2478, 1397), (2529, 1403), (2582, 1410)
Traj: (2170, 1363), (2205, 1367), (2240, 1371), (2311, 1379), (2390, 1388), (2473, 1397), (2562, 1407), (2654, 1418), (2756, 1427), (2867, 1440), (2989, 1453), (3116, 1468), (3243, 1481), (3363, 1496), (3427, 1503), (3482, 1510)
Traj: (983, 1245), (1010, 1246), (1035, 1247), (1088, 1250), (1139, 1254), (1188, 1258), (1239, 1262), (1290, 1268), (1339, 1272), (1390, 1277), (1445, 1282), (1501, 1286), (1564, 1291), (1625, 1295), (1684, 1300), (1740, 1305), (1793, 1309), (1841, 1314), (1929, 1309), (2017, 1302), (2103, 1291), (2198, 1272), (2262, 1259), (2287, 1252)
Traj: (1767, 1266), (1744, 1264), (1720, 1262), (1673, 1258), (1617, 1255), (1563, 1251), (1510, 1248), (1455, 1246), (1399, 1244), (1352, 1243), (1303, 1242), (1254, 1240), (1191, 1240), (1128, 1238), (1060, 1237), (1011, 1236), (979, 1236), (979, 1239), (979, 1240), (1000, 1242)
Traj: (3449, 1432), (3400, 1428), (3351, 1424), (3255, 1416), (3154, 1405), (3061, 1396), (2973, 1386), (2890, 1378), (2813, 1371), (2745, 1365), (2677, 1358), (2612, 1352), (2551, 1346), (2492, 1340), (2437, 1334), (2380, 1329), (2353, 1326), (2326, 1324)
Traj: (256, 1376), (289, 1374), (322, 1371), (390, 1367), (458, 1362), (525, 1356), (592, 1351), (656, 1346), (720, 1341), (778, 1336), (835, 1332), (895, 1327), (958, 1321), (1022, 1316), (1088, 1310), (1154, 1304), (1212, 1298), (1265, 1292), (1314, 1287), (1337, 1284), (1359, 1282)
Traj: (2244, 1319), (2221, 1317), (2198, 1315), (2153, 1311), (2110, 1306), (2069, 1302), (2020, 1298), (1966, 1294), (1912, 1289), (1834, 1283), (1754, 1277), (1679, 1272), (1609, 1268), (1537, 1264), (1489, 1261), (1442, 1259), (1398, 1256), (1354, 1254), (1310, 1252), (1266, 1250), (1222, 1248), (1176, 1247), (1154, 1246), (1133, 1245)
Traj: (1260, 1248), (1284, 1250), (1308, 1251), (1357, 1255), (1406, 1258), (1455, 1262), (1506, 1266), (1559, 1270), (1615, 1275), (1671, 1279), (1725, 1283), (1777, 1288), (1826, 1294), (1872, 1299), (1922, 1304), (1974, 1310), (2031, 1316), (2093, 1320), (2159, 1325), (2224, 1331), (2258, 1334), (2293, 1337)
Traj: (1282, 1255), (1218, 1250), (1171, 1248), (1108, 1241), (1043, 1237), (1004, 1237), (992, 1236), (982, 1236), (972, 1236), (972, 1236)
Traj: (292, 1380), (315, 1379), (339, 1377), (388, 1374), (436, 1369), (485, 1364), (534, 1360), (584, 1356), (632, 1352), (680, 1348), (726, 1343), (774, 1339), (826, 1334), (883, 1329), (943, 1323), (1005, 1318), (1065, 1312), (1121, 1306), (1174, 1301), (1200, 1298), (1223, 1295)
Traj: (2051, 1251), (2030, 1249), (2003, 1247), (1949, 1244), (1891, 1240), (1829, 1237), (1763, 1233), (1701, 1231), (1642, 1228), (1586, 1226), (1533, 1225), (1483, 1223), (1435, 1222), (1386, 1220), (1336, 1219), (1286, 1218), (1236, 1216), (1186, 1213), (1161, 1212), (1138, 1211)
Traj: (1571, 1277), (1596, 1277), (1621, 1278), (1671, 1278), (1724, 1278), (1778, 1277), (1833, 1277), (1890, 1276), (1947, 1275), (2004, 1275), (2060, 1274), (2114, 1273), (2166, 1272), (2215, 1271), (2262, 1268), (2310, 1264), (2359, 1260), (2410, 1254), (2435, 1251), (2463, 1248)
Traj: (3473, 1415), (3439, 1412), (3403, 1409), (3333, 1405), (3264, 1397), (3192, 1390), (3121, 1382), (3048, 1376), (2980, 1371), (2913, 1365), (2851, 1360), (2792, 1355), (2740, 1350), (2685, 1344), (2658, 1341), (2630, 1339)
Traj: (1458, 1265), (1493, 1267), (1526, 1268), (1604, 1272), (1667, 1272), (1726, 1271), (1791, 1270), (1852, 1269), (1907, 1268), (1955, 1267), (2011, 1265), (2062, 1263), (2123, 1258), (2153, 1256), (2189, 1254)
Traj: (245, 1392), (285, 1385), (320, 1380), (389, 1373), (459, 1362), (516, 1355), (572, 1354), (628, 1354), (684, 1352), (738, 1349), (790, 1345), (842, 1338), (890, 1330), (937, 1324), (984, 1319), (1007, 1315), (1029, 1312)
Traj: (452, 1328), (497, 1325), (540, 1321), (624, 1315), (707, 1309), (782, 1304), (851, 1299), (914, 1294), (972, 1289), (1025, 1285), (1073, 1281), (1123, 1277), (1173, 1273), (1197, 1271), (1223, 1269)
Traj: (1704, 1278), (1726, 1277), (1748, 1276), (1793, 1276), (1838, 1275), (1882, 1273), (1928, 1272), (1978, 1271), (2026, 1270), (2075, 1268), (2122, 1266), (2168, 1263), (2211, 1261), (2255, 1258), (2303, 1254), (2367, 1249), (2395, 1246), (2428, 1244)
Traj: (2011, 1292), (1984, 1290), (1960, 1289), (1905, 1285), (1845, 1281), (1789, 1277), (1729, 1273), (1667, 1269), (1609, 1265), (1556, 1262), (1506, 1259), (1459, 1256), (1411, 1253), (1362, 1251), (1313, 1249), (1288, 1248), (1260, 1247)
Traj: (1817, 1279), (1852, 1277), (1885, 1275), (1951, 1271), (2015, 1267), (2077, 1263), (2135, 1260), (2191, 1256), (2245, 1252), (2296, 1248), (2347, 1244), (2401, 1239), (2457, 1234), (2512, 1228), (2542, 1225), (2573, 1222)
Traj: (2798, 1294), (2758, 1288), (2717, 1285), (2634, 1280), (2559, 1276), (2497, 1274), (2437, 1274), (2384, 1271), (2333, 1264), (2283, 1257), (2234, 1251), (2182, 1245), (2156, 1242), (2131, 1241)
Traj: (2375, 1246), (2405, 1243), (2433, 1241), (2488, 1235), (2587, 1220), (2683, 1203), (2775, 1186), (2850, 1172), (2915, 1160), (2929, 1158)
Traj: (2731, 1382), (2697, 1374), (2663, 1369), (2596, 1358), (2532, 1349), (2471, 1340), (2412, 1335), (2356, 1330), (2303, 1327), (2251, 1323), (2202, 1322), (2154, 1318), (2106, 1313), (2083, 1310), (2060, 1307)
Traj: (2202, 1315), (2171, 1312), (2142, 1309), (2084, 1304), (2030, 1299), (1979, 1294), (1932, 1291), (1886, 1287), (1836, 1283), (1781, 1279), (1724, 1275), (1668, 1271), (1635, 1269), (1605, 1267)
Traj: (584, 1350), (624, 1347), (663, 1344), (740, 1338), (811, 1332), (877, 1327), (937, 1321), (993, 1316), (1043, 1311), (1093, 1306), (1117, 1304), (1140, 1302)
Traj: (2437, 1233), (2464, 1232), (2497, 1228), (2604, 1218), (2703, 1202), (2802, 1185), (2866, 1174), (2946, 1161)
Traj: (3736, 1462), (3711, 1455), (3686, 1448), (3639, 1433), (3586, 1421), (3518, 1415), (3426, 1412), (3385, 1410), (3334, 1408)
Traj: (3383, 1395), (3340, 1393), (3306, 1391), (3239, 1386), (3174, 1382), (3118, 1381), (3052, 1377), (3022, 1375), (2990, 1375)
